0.003753 0.000957099 -0.00300255 -3.1079e-05 5.09148e-05 9.96078e-05 0.00113986 0.999999
0.007166 0.00183729 -0.00579059 -7.39995e-05 9.65312e-05 0.00019637 0.00213693 0.999998
0.010485 0.00269205 -0.00849151 -0.000125753 0.000242372 0.00017493 0.00289844 0.999996
0.02262 0.00597688 -0.0183314 -0.00041946 0.000836576 -8.00098e-05 0.00664411 0.999978
0.023857 0.00633197 -0.0193289 -0.000456107 0.00105163 -0.000123734 0.00702712 0.999975
0.027101 0.00728934 -0.0219369 -0.000541139 0.00262743 -0.00112707 0.00808315 0.999963
0.031466 0.00864903 -0.0254079 -0.000628336 0.00475409 -0.00242713 0.00936161 0.999942
0.03471 0.0097185 -0.0279763 -0.00069025 0.00654215 -0.00386074 0.0100807 0.99992
0.039027 0.0112092 -0.0314255 -0.000814049 0.00853492 -0.00568399 0.0109288 0.999888
0.04231 0.0123648 -0.0340597 -0.000943687 0.00996846 -0.0068992 0.0112451 0.999863
0.051063 0.0157188 -0.0411328 -0.00175049 0.0126589 -0.00896025 0.011473 0.999814
0.055426 0.0174768 -0.0445091 -0.00235773 0.0119036 -0.00897976 0.0099641 0.999839
0.062034 0.0199078 -0.0496716 -0.00311227 0.00917665 -0.00945083 0.00930878 0.99987
0.066382 0.0214106 -0.0528459 -0.00339018 0.0062109 -0.00874902 0.00816459 0.999909
0.069646 0.0225437 -0.0551158 -0.00354484 0.0045914 -0.00835551 0.00692296 0.999931
0.071895 0.0234513 -0.0566251 -0.00364319 0.00336483 -0.00720567 0.00474084 0.999957
0.08021 0.026475 -0.0622857 -0.00409807 -0.000263979 -0.00631336 0.00270029 0.999976
0.083495 0.0278857 -0.0641364 -0.00428737 -0.00315777 -0.00472307 -0.000485491 0.999984
0.086767 0.029307 -0.0659836 -0.00455111 -0.00574905 -0.00291155 -0.00348903 0.999973
0.091141 0.0312318 -0.0686303 -0.00502351 -0.00786438 -0.00036266 -0.00693741 0.999945
0.095446 0.0330977 -0.0711239 -0.00557239 -0.0103846 0.00229745 -0.0100922 0.999893
0.099902 0.0350713 -0.0736024 -0.00619518 -0.0132091 0.00518469 -0.0132267 0.999812
0.102011 0.036266 -0.0745041 -0.0064869 -0.0159799 0.00795909 -0.0163269 0.999707
0.117176 0.042359 -0.0830762 -0.00831417 -0.0219255 0.0126841 -0.0194427 0.99949
0.118349 0.0434623 -0.0827916 -0.00844937 -0.0264746 0.0160091 -0.0229625 0.999257
0.271967 0.0865689 -0.111981 -0.0399482 -0.0471504 -0.0235237 0.000301287 0.998611
0.272094 0.0827404 -0.10768 -0.0373596 -0.0508924 -0.0279285 0.00111606 0.998313
0.2725 0.0815283 -0.105955 -0.0363642 -0.0522815 -0.0294317 0.00142338 0.998198
0.272825 0.0811214 -0.105018 -0.0358338 -0.053009 -0.0299786 0.00154681 0.998143
0.273968 0.0821042 -0.104472 -0.0358751 -0.0533075 -0.0292166 0.0015532 0.998149
0.274106 0.0833555 -0.104148 -0.0357324 -0.0535151 -0.0277373 0.0013356 0.998181
0.274603 0.0844952 -0.103896 -0.0357305 -0.053649 -0.0264983 0.00121754 0.998207
0.275149 0.085641 -0.103687 -0.0358056 -0.0537507 -0.0252832 0.00113799 0.998234
0.275742 0.0867843 -0.103532 -0.0359333 -0.0538199 -0.0241511 0.00112264 0.998258
0.276276 0.0879774 -0.103419 -0.0360684 -0.053863 -0.0229066 0.00111537 0.998285
0.276748 0.0892761 -0.103354 -0.0362078 -0.0538694 -0.0214724 0.0011159 0.998316
0.277626 0.0896901 -0.103316 -0.0365853 -0.0538829 -0.0215504 0.00131676 0.998314
0.278069 0.0899002 -0.103296 -0.0367736 -0.0538896 -0.0216052 0.00142421 0.998312
0.278956 0.0903502 -0.103255 -0.0371423 -0.053891 -0.021679 0.00166011 0.99831
0.279192 0.0904963 -0.103244 -0.0372326 -0.0538712 -0.0216422 0.00173553 0.998312
0.27981 0.0908665 -0.103219 -0.0374865 -0.0537768 -0.0215279 0.00193505 0.998319
0.280443 0.0913031 -0.103195 -0.0377426 -0.0536655 -0.0213005 0.00217062 0.998329
0.281511 0.0920671 -0.103129 -0.0381899 -0.0534864 -0.020763 0.00255611 0.998349
0.281523 0.0923718 -0.1031 -0.0381903 -0.0535041 -0.0202625 0.00269505 0.998358
0.281853 0.0928116 -0.103057 -0.0383323 -0.0535032 -0.0197549 0.00290959 0.998368
0.282886 0.093719 -0.102979 -0.0387844 -0.0535099 -0.0189911 0.00338042 0.998381
0.282953 0.0942418 -0.102953 -0.0388415 -0.0535172 -0.0181978 0.00362103 0.998395
0.283302 0.0948615 -0.102916 -0.0390079 -0.0535326 -0.0174396 0.00392424 0.998406
0.284053 0.0957263 -0.102869 -0.0393491 -0.0535474 -0.0165881 0.00436474 0.998418
0.285098 0.097029 -0.102808 -0.039851 -0.0535141 -0.0152265 0.00501956 0.998438
0.285749 0.0981779 -0.102765 -0.0401878 -0.0534912 -0.0138133 0.00557368 0.998457
0.286541 0.0995793 -0.102711 -0.040604 -0.0534623 -0.0120984 0.0062469 0.998477
0.287123 0.100966 -0.102671 -0.0409426 -0.0534202 -0.0102756 0.0068893 0.998495
0.287407 0.102124 -0.102654 -0.0411501 -0.053373 -0.00861744 0.00741104 0.99851
0.287528 0.103182 -0.102654 -0.0412927 -0.0533126 -0.0070058 0.00788139 0.998522
0.287986 0.104524 -0.102642 -0.0416022 -0.0532452 -0.00519278 0.00848387 0.998532
0.288543 0.106122 -0.102628 -0.0419841 -0.0531559 -0.00305134 0.0091929 0.998539
0.289106 0.107721 -0.102617 -0.0423748 -0.0530426 -0.000926304 0.00989348 0.998543
0.289817 0.109444 -0.102594 -0.0428417 -0.0529232 0.0012708 0.0106457 0.998541
0.290647 0.111443 -0.10257 -0.0433934 -0.0527601 0.00378014 0.0115009 0.998534
0.290927 0.113139 -0.102569 -0.0437165 -0.0526375 0.006224 0.0122407 0.998519
0.291716 0.115189 -0.102541 -0.0442827 -0.0524901 0.0087616 0.0131127 0.998497
0.29282 0.117801 -0.102518 -0.0450533 -0.0522818 0.0118631 0.0142169 0.998461
0.296395 0.122798 -0.10241 -0.0470216 -0.0518466 0.0163262 0.0162383 0.99839
0.300548 0.128446 -0.102314 -0.0492321 -0.0513424 0.0209725 0.0184308 0.998291
0.303009 0.133024 -0.102347 -0.0506665 -0.0509088 0.0252266 0.0203061 0.998178
0.306602 0.13829 -0.102401 -0.0523998 -0.0503499 0.0292986 0.022396 0.998051
0.442148 0.167331 -0.113281 -0.0702393 -0.0352595 -0.0298421 0.0253496 0.998611
0.442356 0.1614 -0.114623 -0.0664429 -0.0343697 -0.033861 0.0236155 0.998556
0.442534 0.161491 -0.114613 -0.0664983 -0.0343634 -0.0338641 0.0236495 0.998555
0.442938 0.161699 -0.114589 -0.0666228 -0.0343285 -0.0338896 0.0237157 0.998554
0.443043 0.161768 -0.11458 -0.0666515 -0.034317 -0.0338858 0.0237392 0.998554
0.443254 0.161903 -0.114565 -0.0667145 -0.0342746 -0.0338861 0.023783 0.998555
0.443474 0.162069 -0.114546 -0.0667817 -0.0342124 -0.0338792 0.0238449 0.998556
0.443706 0.162305 -0.114504 -0.0668585 -0.034133 -0.0338401 0.0239459 0.998557
0.443932 0.162566 -0.114451 -0.0669366 -0.0340587 -0.0337961 0.0240557 0.998559
0.444284 0.162919 -0.114377 -0.0670592 -0.0341156 -0.0337094 0.0241563 0.998557
0.444404 0.163271 -0.114313 -0.067124 -0.0341543 -0.0335006 0.0242927 0.998559
0.444571 0.163646 -0.114263 -0.0672002 -0.0341927 -0.033287 0.0244224 0.998562
0.444808 0.164064 -0.114212 -0.0672991 -0.0342428 -0.0330709 0.0245532 0.998564
0.445021 0.164545 -0.114171 -0.0673991 -0.0342686 -0.0327887 0.024697 0.998569
0.445429 0.165273 -0.114094 -0.0675844 -0.0342984 -0.0324133 0.0248811 0.998576
0.445641 0.166028 -0.114012 -0.067727 -0.0342848 -0.0319353 0.025147 0.998585
0.445955 0.166906 -0.113917 -0.0679113 -0.0342621 -0.0314007 0.0254217 0.998596
0.446253 0.167874 -0.113815 -0.0681023 -0.034238 -0.0307888 0.025741 0.998608
0.446404 0.168781 -0.113717 -0.0682516 -0.0342268 -0.0301541 0.0260884 0.998618
0.446701 0.169827 -0.113603 -0.0684571 -0.0342134 -0.0294606 0.0264356 0.99863
0.446986 0.170936 -0.113489 -0.0686698 -0.0341956 -0.0287179 0.0268148 0.998643
0.447457 0.172447 -0.11333 -0.0689864 -0.0341742 -0.0277232 0.0272977 0.998658
0.447743 0.173962 -0.113156 -0.0692641 -0.0341533 -0.0266657 0.0278683 0.998672
0.447992 0.175465 -0.112978 -0.069535 -0.034133 -0.025606 0.0284504 0.998684
0.44827 0.177028 -0.112781 -0.0698252 -0.0341168 -0.0245117 0.0290478 0.998695
0.448575 0.178648 -0.112571 -0.0701319 -0.0340883 -0.0233918 0.0296684 0.998704
0.448848 0.180332 -0.112339 -0.0704469 -0.0340801 -0.0222177 0.030338 0.998711
0.44936 0.182267 -0.11207 -0.0708594 -0.0340619 -0.0209422 0.0310323 0.998718
0.449617 0.184113 -0.111806 -0.0712051 -0.0340726 -0.0196652 0.0317972 0.99872
0.449711 0.185845 -0.111553 -0.0715028 -0.0340898 -0.0184043 0.0325627 0.998719
0.452321 0.189953 -0.110983 -0.0727673 -0.0340139 -0.0166414 0.0336766 0.998715
0.454766 0.195212 -0.110205 -0.0742439 -0.0339762 -0.0140141 0.0353282 0.9987
0.458349 0.202574 -0.109115 -0.07638 -0.0339511 -0.0105054 0.0375736 0.998662
0.463081 0.211748 -0.107804 -0.0790953 -0.0338929 -0.00645134 0.0402089 0.998595
0.473274 0.219092 -0.106902 -0.0831814 -0.0338645 -0.00720472 0.0404712 0.998581
0.475767 0.220851 -0.106686 -0.0841618 -0.0338663 -0.00748448 0.0405233 0.998576
0.479304 0.223251 -0.106405 -0.0855047 -0.0339374 -0.00805286 0.0405784 0.998567
0.482808 0.225795 -0.106093 -0.0867694 -0.0342994 -0.00874333 0.0406916 0.998545
0.486176 0.228322 -0.105842 -0.08783 -0.0346038 -0.00938359 0.0408083 0.998524
0.489521 0.231279 -0.10553 -0.0888929 -0.0354633 -0.0100913 0.0410434 0.998477
0.499281 0.239304 -0.104752 -0.0922731 -0.038201 -0.0129295 0.0414086 0.998328
0.504828 0.243003 -0.104979 -0.0931919 -0.0372657 -0.0147657 0.0412181 0.998346
0.634018 0.228642 -0.145314 -0.0809995 0.00370997 -0.0489417 0.0243649 0.998498
0.634068 0.220404 -0.147465 -0.0780048 0.00414465 -0.0518909 0.0221488 0.998399
0.634166 0.217816 -0.147995 -0.0767812 0.00426103 -0.0527976 0.021479 0.998365
0.63436 0.218309 -0.147897 -0.0761841 0.00427799 -0.0525934 0.0216376 0.998372
0.634603 0.220008 -0.147748 -0.0758489 0.00430521 -0.0519591 0.0221055 0.998395
0.634791 0.222199 -0.147685 -0.0756547 0.00436048 -0.0511722 0.0226763 0.998423
0.634918 0.224008 -0.14764 -0.0755187 0.00439827 -0.0505205 0.0231406 0.998445
0.635048 0.226226 -0.147536 -0.0754201 0.00442903 -0.0497198 0.023712 0.998472
0.635148 0.228252 -0.147407 -0.0753561 0.00445488 -0.0489783 0.0242389 0.998496
0.635274 0.230608 -0.147218 -0.0753291 0.00447395 -0.0481058 0.0248608 0.998523
0.635429 0.233067 -0.147 -0.0753271 0.00448947 -0.0471864 0.0255123 0.99855
0.635524 0.235469 -0.146838 -0.0753378 0.00451835 -0.0463106 0.0261354 0.998575
0.635628 0.23782 -0.146748 -0.075343 0.00456581 -0.0454515 0.0267436 0.998598
0.63571 0.24014 -0.146648 -0.0753597 0.00461886 -0.0446028 0.0273432 0.99862
0.63579 0.242718 -0.146482 -0.0754029 0.0046638 -0.0436609 0.0280146 0.998643
0.635969 0.245256 -0.146326 -0.0754368 0.00469486 -0.0427104 0.0286866 0.998665
0.636011 0.247617 -0.146163 -0.0754988 0.00473731 -0.041854 0.0293073 0.998683
0.636151 0.249848 -0.146063 -0.0755226 0.00477285 -0.0410304 0.0299022 0.998699
0.636379 0.252412 -0.145956 -0.0755357 0.00480847 -0.04008 0.030608 0.998716
0.636611 0.255006 -0.145818 -0.0755675 0.00484093 -0.0391135 0.0313365 0.998732
0.636668 0.257549 -0.145632 -0.0756566 0.00489054 -0.0381904 0.0320333 0.998745
0.636741 0.260165 -0.145444 -0.0757603 0.0049425 -0.0372412 0.0327552 0.998757
0.636845 0.262667 -0.145285 -0.0758553 0.00499782 -0.0363354 0.033456 0.998767
0.63695 0.265067 -0.14514 -0.0759441 0.00505417 -0.0354663 0.0341313 0.998775
0.637122 0.266264 -0.145097 -0.0759641 0.00508508 -0.0350385 0.0345001 0.998777
0.637228 0.266275 -0.145125 -0.0759391 0.00508575 -0.0350457 0.0345309 0.998776
0.637335 0.266286 -0.145153 -0.0759124 0.00508571 -0.0350553 0.0345629 0.998775
0.637422 0.266299 -0.145177 -0.0758865 0.00508475 -0.0350656 0.0345935 0.998773
0.637504 0.266313 -0.145197 -0.0758639 0.00508395 -0.0350732 0.0346211 0.998772
0.639659 0.266645 -0.14573 -0.0753483 0.00516785 -0.0352968 0.0354002 0.998736
0.650292 0.268637 -0.148081 -0.0732006 0.00550851 -0.0363035 0.0393551 0.99855
0.652538 0.270381 -0.147959 -0.0726929 0.00576981 -0.0362963 0.0407484 0.998493
0.655793 0.272972 -0.14762 -0.0721556 0.00567152 -0.0361441 0.0426015 0.998422
0.659065 0.275943 -0.146969 -0.0717082 0.00530135 -0.0358083 0.0445275 0.998352
0.66442 0.279214 -0.146377 -0.0708049 0.00476909 -0.0358715 0.0471022 0.998234
0.666679 0.282132 -0.145386 -0.0706397 0.00415931 -0.0350007 0.0486003 0.998196
0.67218 0.28615 -0.144669 -0.0697382 0.00307624 -0.0339357 0.0510125 0.998117
0.6798 0.292192 -0.143004 -0.0688757 0.0018243 -0.0323504 0.0541616 0.998006
0.685312 0.298204 -0.14088 -0.068832 0.00120892 -0.0305737 0.0569301 0.997909
0.688645 0.3033 -0.138629 -0.0692454 0.000749777 -0.0289762 0.0590937 0.997832
0.690871 0.307652 -0.136493 -0.069823 0.00033621 -0.0275869 0.0608914 0.997763
0.694242 0.3122 -0.134609 -0.0700269 2.00275e-05 -0.0260232 0.0627163 0.997692
0.704182 0.319103 -0.132542 -0.0685873 -0.000328469 -0.0236598 0.0657352 0.997557
0.710406 0.324881 -0.130299 -0.0680464 -0.000934529 -0.0218302 0.0683644 0.997421
0.711983 0.329727 -0.127711 -0.069281 -0.00136864 -0.0202274 0.070241 0.997324
0.717506 0.334718 -0.125735 -0.0689096 -0.00172941 -0.0186454 0.0723922 0.9972
0.718622 0.339392 -0.123209 -0.0702965 -0.00213062 -0.0170948 0.0741766 0.997096
0.722025 0.344357 -0.121025 -0.0706666 -0.00244284 -0.0154754 0.0762131 0.996968
0.727524 0.349841 -0.118882 -0.0703638 -0.00259104 -0.0138493 0.0786315 0.996804
0.729721 0.354018 -0.116837 -0.0712445 -0.0027972 -0.0126061 0.0803689 0.996682
0.73965 0.360532 -0.114752 -0.0695778 -0.00293517 -0.0111213 0.0836924 0.996425
0.742909 0.365896 -0.112099 -0.0708195 -0.0034342 -0.00970286 0.0860096 0.996241
0.747357 0.371533 -0.109615 -0.0715207 -0.00381467 -0.00837339 0.0885264 0.996031
0.750804 0.376333 -0.107413 -0.0724339 -0.00414212 -0.00723723 0.0906096 0.995852
0.755134 0.380852 -0.105473 -0.0729315 -0.00443082 -0.0065577 0.0927794 0.995655
0.758414 0.38455 -0.103687 -0.0736946 -0.00474312 -0.00599359 0.0945407 0.995492
0.761972 0.388356 -0.101893 -0.0743635 -0.00513806 -0.00549807 0.0964063 0.995314
0.771795 0.392104 -0.101857 -0.0715459 -0.00549242 -0.00644377 0.0992065 0.995031
0.776165 0.393778 -0.101811 -0.0703748 -0.00569851 -0.00702761 0.100546 0.994891
0.778402 0.394638 -0.10178 -0.0697471 -0.00578626 -0.00740998 0.101267 0.994815
0.782879 0.396405 -0.101702 -0.068573 -0.00607112 -0.00819944 0.102699 0.99466
0.786102 0.39788 -0.101531 -0.0677538 -0.00649206 -0.00876117 0.103775 0.994541
0.790481 0.400153 -0.101213 -0.0667316 -0.00710958 -0.00924406 0.105295 0.994373
0.79985 0.404596 -0.100574 -0.0648862 -0.00846945 -0.0104254 0.10839 0.994018
0.804255 0.407054 -0.0998702 -0.0641642 -0.00794199 -0.00979198 0.110205 0.993829
0.806465 0.408836 -0.0982377 -0.0641954 -0.00815064 -0.00925515 0.11151 0.993687
0.811883 0.411649 -0.0967838 -0.063522 -0.00822867 -0.00843166 0.113981 0.993413
0.81537 0.414183 -0.0951974 -0.0635075 -0.00848692 -0.00786677 0.116076 0.993173
0.818778 0.417482 -0.0934742 -0.0636962 -0.00878069 -0.00716136 0.118385 0.992903
0.823175 0.42167 -0.0915481 -0.0638921 -0.00913968 -0.00632752 0.121303 0.992553
0.832209 0.429114 -0.0884874 -0.0639708 -0.0100276 -0.00452729 0.126815 0.991865
0.836791 0.433419 -0.0862046 -0.0645958 -0.0105315 -0.00323088 0.129879 0.991469
0.839042 0.436249 -0.0843753 -0.0653889 -0.0108621 -0.00235741 0.131658 0.991233
0.842439 0.439683 -0.0824106 -0.0659505 -0.0112972 -0.001236 0.134025 0.990913
0.846881 0.444435 -0.0798458 -0.0664388 -0.0119316 0.000377757 0.137209 0.99047
0.850354 0.448925 -0.0772346 -0.0670862 -0.0125687 0.00205085 0.139908 0.990083
0.861199 0.456667 -0.0735124 -0.0660005 -0.0147254 0.00473593 0.145971 0.989168
0.863397 0.460017 -0.0712149 -0.0669124 -0.0153099 0.005721 0.147788 0.988884
0.866732 0.46394 -0.0687118 -0.0674375 -0.0161408 0.00709653 0.150006 0.988528
0.872221 0.468492 -0.065962 -0.0673131 -0.0173804 0.00887686 0.15298 0.988037
0.877535 0.473211 -0.0631092 -0.0673115 -0.0185464 0.0106673 0.155812 0.987555
0.878648 0.475941 -0.0612392 -0.0684183 -0.0188893 0.011419 0.157007 0.987351
0.885251 0.480823 -0.0585741 -0.0679344 -0.0201723 0.0130842 0.160081 0.986811
0.893073 0.487457 -0.0549083 -0.0676485 -0.0216678 0.015039 0.164045 0.9861
0.898467 0.492277 -0.0520347 -0.0679858 -0.0227652 0.0162282 0.166684 0.985614
0.899583 0.494733 -0.0504881 -0.0691519 -0.023067 0.0167774 0.167722 0.985422
0.902845 0.497647 -0.0487903 -0.0695174 -0.0236097 0.0173017 0.169269 0.985135
0.908376 0.501525 -0.046812 -0.0692337 -0.0244895 0.0178887 0.171517 0.984714
0.911668 0.503965 -0.0455298 -0.069437 -0.0250591 0.0182332 0.172919 0.984448
0.921259 0.509117 -0.0427907 -0.0675176 -0.0261238 0.0186783 0.176165 0.983837
0.923504 0.510386 -0.0420769 -0.0668719 -0.0262186 0.0187811 0.176936 0.983694
0.926873 0.512364 -0.0409302 -0.0658944 -0.0263634 0.0189481 0.178114 0.983474
0.931287 0.515078 -0.0393211 -0.0646096 -0.0252336 0.0186955 0.179719 0.983217
0.934738 0.517157 -0.038174 -0.0635507 -0.0233363 0.017783 0.180979 0.983049
0.93823 0.519065 -0.0373309 -0.0624167 -0.0215317 0.0167221 0.182193 0.982885
0.944689 0.522515 -0.0357854 -0.0603793 -0.0187655 0.0144642 0.184562 0.982535
0.953473 0.528078 -0.0340671 -0.0578811 -0.0166998 0.0116497 0.18832 0.981897
0.956759 0.530432 -0.0337757 -0.0569466 -0.0165533 0.010653 0.189518 0.98168
0.958946 0.532453 -0.0330182 -0.0564379 -0.0165069 0.0100994 0.190494 0.981498
0.963321 0.535579 -0.0314209 -0.0554566 -0.016899 0.00889862 0.192111 0.981187
0.966736 0.537785 -0.0303666 -0.0546835 -0.0175216 0.00797627 0.193229 0.980965
0.972112 0.54075 -0.0291825 -0.0532666 -0.0180038 0.00685442 0.194384 0.980736
0.979838 0.545062 -0.0274727 -0.0511277 -0.0186382 0.00540784 0.195972 0.980418
0.985264 0.546535 -0.0278549 -0.0500118 -0.0189491 0.00453365 0.196149 0.98038
0.9864 0.547566 -0.0276076 -0.0507205 -0.0189431 0.00453569 0.196427 0.980325
0.993973 0.551986 -0.0247716 -0.0496792 -0.0191976 0.00418064 0.19772 0.980062
0.997301 0.554654 -0.0234434 -0.0499611 -0.0190279 0.00418762 0.198453 0.979917
1.00052 0.5576 -0.0221118 -0.050131 -0.0188022 0.00431861 0.19923 0.979763
1.00271 0.560281 -0.0209686 -0.0506324 -0.0187024 0.00454327 0.199957 0.979616
1.01248 0.567381 -0.0166133 -0.049164 -0.0188077 0.00478004 0.201906 0.979213
1.01594 0.570826 -0.0150499 -0.0497796 -0.0188526 0.00510111 0.202873 0.97901
1.02048 0.574162 -0.0136895 -0.0498405 -0.0189205 0.00533022 0.203758 0.978824
1.02271 0.576468 -0.0129543 -0.0505348 -0.0188218 0.00566417 0.204348 0.978701
1.02818 0.580455 -0.0109076 -0.0501704 -0.0187141 0.00621844 0.205377 0.978484
1.03289 0.584568 -0.00874009 -0.0502831 -0.0185715 0.00670906 0.206625 0.978221
1.03974 0.589292 -0.00650852 -0.0500091 -0.0180681 0.00671769 0.208266 0.977882
1.04314 0.592372 -0.00535107 -0.0508255 -0.0178672 0.00674711 0.209325 0.97766
1.04662 0.595623 -0.00389143 -0.0514083 -0.017754 0.00686837 0.210478 0.977413
1.05236 0.599487 -0.00203523 -0.0509641 -0.0175951 0.00680135 0.211932 0.977102
1.0558 0.602292 -0.000956124 -0.051459 -0.0175424 0.00665999 0.213027 0.976866
1.06039 0.60568 0.000595152 -0.0515935 -0.0173947 0.00641256 0.214432 0.976563
1.06273 0.607915 0.00145028 -0.0524163 -0.0172951 0.00635709 0.215289 0.976376
1.07373 0.613654 0.00597971 -0.0482364 -0.0175664 0.00483004 0.218487 0.97567
1.07696 0.6153 0.00724971 -0.0469273 -0.0177407 0.00432653 0.219442 0.975455
1.08138 0.617538 0.00894906 -0.0451137 -0.017973 0.00362751 0.22073 0.975163
1.08357 0.618586 0.00967947 -0.0441551 -0.017973 0.00331648 0.221373 0.975018
1.08695 0.620328 0.0108764 -0.0428204 -0.0179743 0.00285452 0.222395 0.974787
1.09036 0.62243 0.0122223 -0.0415405 -0.0174165 0.0029228 0.223612 0.974518
1.1012 0.628913 0.0162283 -0.0377882 -0.0148599 0.00529325 0.227456 0.973661
1.10655 0.632151 0.0171435 -0.0362127 -0.0137677 0.00692021 0.229299 0.973234
1.10657 0.632717 0.0172091 -0.0366973 -0.0137378 0.00700749 0.229453 0.973198
1.11097 0.635658 0.0189408 -0.0358305 -0.0135434 0.00811954 0.231176 0.972784
1.11426 0.638022 0.0201733 -0.035441 -0.0137946 0.00854683 0.232588 0.97244
1.1188 0.641491 0.022051 -0.0348635 -0.0141734 0.0091341 0.234606 0.971944
1.12214 0.644731 0.023576 -0.0348873 -0.0144936 0.00957896 0.236282 0.971529
1.13162 0.651566 0.0275355 -0.0337006 -0.0154231 0.0110801 0.240071 0.97057
1.13597 0.654704 0.0287844 -0.0340995 -0.0157271 0.0119298 0.241661 0.97016
1.13826 0.657093 0.0299151 -0.0349898 -0.015916 0.0125999 0.242681 0.969894
1.14187 0.659947 0.0313705 -0.0353551 -0.0162364 0.0135212 0.244042 0.969535
1.14736 0.664082 0.0338569 -0.0352836 -0.0174308 0.014707 0.24608 0.968981
1.15064 0.667091 0.0356237 -0.0360074 -0.0181388 0.015495 0.247448 0.968608
1.15933 0.673523 0.039823 -0.0352658 -0.0198876 0.0168831 0.250182 0.967847
1.16501 0.67769 0.0421632 -0.0356763 -0.020992 0.0178333 0.251799 0.967388
1.1663 0.678803 0.0423302 -0.0373002 -0.0212673 0.0180309 0.252167 0.967282
1.17178 0.682769 0.044858 -0.0373565 -0.0226414 0.0188538 0.25368 0.966839
1.17517 0.685281 0.0462972 -0.0381132 -0.0233549 0.0193626 0.254462 0.966607
1.18061 0.689088 0.048648 -0.0382613 -0.0244521 0.0201409 0.255605 0.966262
1.18291 0.691108 0.0496711 -0.0393007 -0.0248549 0.0205119 0.256152 0.966099
1.19272 0.696978 0.053552 -0.038258 -0.0264072 0.021468 0.257442 0.965694
1.19709 0.69998 0.055193 -0.0389984 -0.0268395 0.0219555 0.257812 0.965573
1.19928 0.701627 0.0557777 -0.0401639 -0.0269649 0.022226 0.257958 0.965524
1.20258 0.70421 0.0571415 -0.0408052 -0.0270521 0.0226686 0.258185 0.965451
1.20702 0.70719 0.0587879 -0.040911 -0.0270824 0.023199 0.258321 0.965401
1.21262 0.71051 0.0605624 -0.0405974 -0.0269577 0.0238254 0.25826 0.965405
1.22132 0.715318 0.0636877 -0.0383708 -0.0261844 0.0242118 0.257897 0.965514
1.22359 0.716716 0.064876 -0.0373291 -0.0253543 0.024125 0.257818 0.965559
1.22925 0.720138 0.0676368 -0.0345109 -0.0215133 0.0223716 0.257556 0.965765
1.23041 0.720823 0.0682001 -0.0339473 -0.0207899 0.0219413 0.257461 0.965816
1.23494 0.723534 0.0702186 -0.0315801 -0.0179531 0.0202501 0.257072 0.966013
1.23949 0.726085 0.071519 -0.0291825 -0.0156087 0.0187141 0.25666 0.966195
1.24502 0.729048 0.0724268 -0.0265772 -0.0134095 0.0170826 0.256197 0.966381
1.25453 0.733817 0.0744384 -0.0225988 -0.0147581 0.0143158 0.255295 0.966645
1.25581 0.733479 0.0734961 -0.0227314 -0.0152017 0.0139659 0.254806 0.966772
1.26027 0.736743 0.0757605 -0.0214877 -0.0169958 0.0134755 0.254558 0.966814
1.26423 0.739308 0.0773436 -0.0205618 -0.0177405 0.013321 0.254155 0.966909
1.26806 0.741807 0.0783985 -0.0197909 -0.0181351 0.0131075 0.253749 0.967011
1.2713 0.744245 0.079509 -0.0193467 -0.0179167 0.0128728 0.253534 0.967075
1.28103 0.750147 0.0829797 -0.0165128 -0.0170401 0.0113753 0.251999 0.96751
1.28332 0.751053 0.0830241 -0.0172115 -0.0167828 0.0109848 0.251528 0.967642
1.28774 0.7542 0.0849934 -0.0172224 -0.0165584 0.010805 0.251136 0.96775
1.29112 0.756674 0.086221 -0.0175829 -0.0163565 0.0106671 0.250834 0.967833
1.2967 0.760363 0.0880377 -0.017203 -0.0159034 0.0108183 0.250156 0.968015
1.30004 0.762844 0.0890842 -0.0176601 -0.0159039 0.0109617 0.249919 0.968074
1.31277 0.770118 0.0934611 -0.0151232 -0.015568 0.010899 0.248809 0.968366
1.31279 0.770935 0.0928863 -0.0176517 -0.0154742 0.0109651 0.248952 0.96833
1.31606 0.773334 0.0937752 -0.0184869 -0.015202 0.010977 0.24886 0.968358
1.31827 0.775202 0.094455 -0.0194943 -0.0150303 0.0110135 0.248879 0.968355
1.32263 0.778374 0.0961367 -0.0197417 -0.0147745 0.0110477 0.248796 0.96838
1.32696 0.781514 0.0976996 -0.0200319 -0.0145381 0.0110842 0.24868 0.968413
1.33135 0.78478 0.0994651 -0.0202948 -0.0145375 0.0111432 0.248724 0.968401
1.34017 0.790481 0.102908 -0.0192922 -0.0142491 0.0110779 0.248674 0.968419
1.34369 0.792795 0.1034 -0.0202806 -0.013878 0.0109004 0.248605 0.968444
1.34807 0.795533 0.104392 -0.0205576 -0.0134478 0.0107564 0.248466 0.968487
1.35264 0.798264 0.10532 -0.0206726 -0.0129947 0.0105872 0.24828 0.968543
1.35377 0.799479 0.105386 -0.02197 -0.0129354 0.0105256 0.248364 0.968523
1.35804 0.802224 0.106617 -0.0220649 -0.0128873 0.0101329 0.248327 0.968538
1.36247 0.804578 0.107427 -0.0220499 -0.0130093 0.00951396 0.248176 0.968581
1.37176 0.810187 0.111854 -0.018688 -0.0133302 0.00824874 0.248077 0.968613
1.37556 0.81243 0.113585 -0.0173236 -0.0133715 0.00767215 0.247948 0.968651
1.38054 0.815398 0.115834 -0.0155048 -0.0131248 0.00700853 0.24784 0.968687
1.38221 0.816509 0.116655 -0.0148706 -0.0127998 0.00716403 0.247911 0.968672
1.38645 0.819312 0.118671 -0.0132804 -0.0118436 0.00775219 0.248121 0.968626
1.39022 0.821893 0.120356 -0.0119686 -0.0107642 0.00853458 0.248333 0.968577
1.39996 0.828339 0.124744 -0.00887361 -0.0103348 0.00936623 0.248887 0.968432
1.40497 0.831419 0.126205 -0.00777317 -0.0109966 0.00924212 0.24904 0.968387
1.40664 0.832838 0.126511 -0.00779868 -0.0110557 0.00917768 0.24922 0.96834
1.41176 0.835983 0.127827 -0.00670741 -0.0113304 0.00887117 0.249538 0.968258
1.41444 0.838053 0.128669 -0.00653941 -0.0114747 0.00902121 0.249875 0.968168
1.4205 0.841878 0.130994 -0.00528211 -0.0118154 0.0096296 0.250452 0.968009
1.42276 0.843446 0.131738 -0.00552915 -0.0118914 0.00996756 0.250686 0.967944
1.43219 0.848702 0.134594 -0.00369306 -0.0121293 0.0113273 0.251489 0.967718
1.43602 0.850206 0.134477 -0.0038142 -0.0124013 0.0117026 0.251624 0.967675
1.4394 0.85217 0.134896 -0.00411504 -0.012723 0.0120968 0.251912 0.967591
1.44239 0.854959 0.13627 -0.00460984 -0.0131333 0.012561 0.252458 0.967437
1.44824 0.859277 0.138839 -0.00424964 -0.0142123 0.0133186 0.253263 0.967201
1.45209 0.862199 0.140307 -0.00454452 -0.0146814 0.0138029 0.25377 0.967055
1.46001 0.867081 0.14282 -0.0038276 -0.0152246 0.0148933 0.254702 0.966785
1.46359 0.869703 0.143945 -0.00431539 -0.0154312 0.0155478 0.255309 0.966611
1.46709 0.871995 0.144774 -0.00470157 -0.015631 0.0161957 0.255883 0.966446
1.47054 0.874504 0.145887 -0.00499834 -0.0158383 0.0168654 0.25652 0.966262
1.47425 0.877195 0.14713 -0.00508837 -0.0159826 0.0175528 0.257251 0.966053
1.47888 0.880205 0.148511 -0.00485325 -0.0161272 0.0183683 0.258131 0.965801
1.48537 0.884132 0.150398 -0.00414421 -0.0162839 0.019476 0.259373 0.965443
1.49099 0.887868 0.151915 -0.0040746 -0.0162125 0.0203804 0.260579 0.965101
1.49656 0.891084 0.152939 -0.00385095 -0.0163839 0.0210867 0.261751 0.964766
1.50097 0.893283 0.153076 -0.00397587 -0.0164983 0.0215839 0.26256 0.964533
1.50418 0.894896 0.153062 -0.00413511 -0.0166383 0.0216762 0.263244 0.964342
1.50748 0.896632 0.153158 -0.0042269 -0.0167152 0.0218137 0.263967 0.96414
1.50974 0.89802 0.153207 -0.00460359 -0.0167308 0.0219364 0.264501 0.963991
1.52056 0.904962 0.157833 -0.00205704 -0.0170018 0.0225381 0.267347 0.963187
1.52279 0.906419 0.158907 -0.00143631 -0.0170329 0.0225978 0.267976 0.96301
1.53035 0.911384 0.1624 0.000971596 -0.0165596 0.0227351 0.270042 0.962438
1.53141 0.911974 0.162683 0.0014817 -0.0161293 0.0226381 0.270291 0.962377
1.53371 0.91348 0.163602 0.00232225 -0.0152035 0.0224535 0.270895 0.962227
1.54018 0.918062 0.166665 0.00448948 -0.0124059 0.0218149 0.272712 0.961768
1.54352 0.920487 0.168232 0.0056768 -0.0107476 0.0213278 0.273687 0.961522
1.5515 0.926388 0.171205 0.00832739 -0.00757154 0.0189228 0.276138 0.960902
1.55592 0.929733 0.172171 0.0096749 -0.00640666 0.0171058 0.27753 0.960543
1.55924 0.932599 0.173547 0.0105018 -0.00577749 0.0159154 0.278484 0.960292
1.56248 0.934986 0.174648 0.0112986 -0.00596882 0.0148361 0.27921 0.960097
1.56583 0.937056 0.175545 0.0120355 -0.00659796 0.0137489 0.279805 0.959936
1.57021 0.939712 0.176537 0.0130007 -0.00731151 0.0129537 0.280255 0.95981
1.58016 0.945969 0.180108 0.0153007 -0.00874558 0.0116092 0.28141 0.959478
1.58465 0.948562 0.181199 0.015381 -0.00901386 0.0112116 0.281735 0.959385
1.58688 0.949538 0.181191 0.014914 -0.00899489 0.0109688 0.281803 0.959367
1.5924 0.95267 0.182852 0.0154141 -0.00902433 0.0104809 0.282225 0.959249
1.59462 0.953952 0.182874 0.0149329 -0.00887522 0.0103395 0.282352 0.959214
1.59999 0.956996 0.183887 0.0152312 -0.0085807 0.0100264 0.282717 0.959112
1.60218 0.958939 0.184694 0.0146511 -0.00860448 0.0100226 0.283075 0.959007
1.61202 0.964175 0.18723 0.0157275 -0.00906294 0.00973881 0.283896 0.958763
1.61528 0.965223 0.186537 0.015142 -0.00883778 0.0097868 0.283975 0.958741
1.61962 0.967918 0.187462 0.0146937 -0.00859133 0.0100084 0.284447 0.958601
1.623 0.970408 0.188541 0.0140631 -0.00848658 0.0102848 0.284899 0.958465
1.62635 0.973131 0.189973 0.013364 -0.00839549 0.0105895 0.285416 0.958308
1.62974 0.975677 0.191159 0.0127508 -0.0082381 0.0108453 0.285902 0.958162
1.64282 0.983188 0.195608 0.0141111 -0.00759486 0.0111234 0.287577 0.957663
1.64285 0.983371 0.194536 0.0124137 -0.00751745 0.0111052 0.287552 0.957671
1.64863 0.986996 0.196251 0.0121496 -0.00718604 0.0111217 0.28836 0.957431
1.65411 0.989723 0.196825 0.0117544 -0.0069001 0.0110052 0.28893 0.957262
1.65522 0.990578 0.196492 0.0106505 -0.00680055 0.010957 0.289105 0.95721
1.65956 0.993278 0.197739 0.0103017 -0.00676517 0.0106547 0.289915 0.956969
1.66295 0.995293 0.198363 0.00981869 -0.00674752 0.010458 0.290494 0.956796
1.6712 1.00029 0.202601 0.0114226 -0.00689696 0.0100129 0.292139 0.956299
1.67509 1.00262 0.204521 0.0122142 -0.00693292 0.00972357 0.292946 0.956055
1.67857 1.0047 0.206222 0.0132203 -0.00694957 0.00931966 0.293724 0.95582
1.68349 1.0077 0.208616 0.0144482 -0.00696947 0.00874996 0.294818 0.955488
1.68698 1.00989 0.210252 0.0154034 -0.00660678 0.00871394 0.295659 0.955231
1.69268 1.01374 0.213066 0.0169108 -0.00493905 0.00972698 0.297224 0.954746
1.70048 1.01863 0.216279 0.019101 -0.00356206 0.0107351 0.299292 0.954094
1.70278 1.0201 0.216732 0.0196881 -0.00380256 0.0107186 0.299974 0.953879
1.70725 1.02313 0.218427 0.0205182 -0.00399142 0.0108504 0.301648 0.953349
1.7115 1.02582 0.219546 0.021022 -0.00414753 0.01095 0.30318 0.952861
1.71592 1.02875 0.221107 0.0214821 -0.00419345 0.011094 0.304829 0.952333
1.71819 1.03036 0.221718 0.0215221 -0.00421066 0.0112186 0.305686 0.952057
1.72257 1.03314 0.223244 0.0218761 -0.00430084 0.0115398 0.30731 0.95153
1.7325 1.03903 0.226727 0.0227071 -0.00457956 0.0128032 0.311155 0.950262
1.73599 1.0411 0.227007 0.0224499 -0.00458006 0.0133117 0.312503 0.949812
1.73822 1.04286 0.227607 0.0220686 -0.00466096 0.0136595 0.313434 0.9495
1.74258 1.04567 0.229114 0.0221188 -0.00495301 0.0142174 0.315177 0.948913
1.74729 1.04843 0.230522 0.0222087 -0.0053546 0.0147025 0.317012 0.948293
1.75072 1.05082 0.231662 0.0220738 -0.00542114 0.0152742 0.318405 0.947816
1.75951 1.05616 0.23513 0.0227635 -0.00570529 0.016644 0.321802 0.946643
1.76428 1.05851 0.235493 0.0229403 -0.00580674 0.0172497 0.323342 0.946107
1.7704 1.06172 0.23664 0.0233633 -0.00605604 0.0181335 0.325251 0.945434
1.77171 1.06253 0.23595 0.0229641 -0.00600868 0.018351 0.325613 0.945306
1.77557 1.06484 0.236772 0.0230829 -0.00603142 0.0190616 0.326815 0.944877
1.78008 1.06757 0.237926 0.0232393 -0.0061696 0.0197205 0.328145 0.944401
1.78352 1.06966 0.238595 0.0232544 -0.0062798 0.0201536 0.329139 0.944045
1.79254 1.07482 0.241466 0.0242454 -0.00670581 0.0209479 0.331662 0.943142
1.79589 1.07699 0.241813 0.0241342 -0.0068162 0.0211921 0.332512 0.942836
1.7982 1.07876 0.242086 0.0238717 -0.00688212 0.0213797 0.333146 0.942608
1.80371 1.08201 0.243599 0.0242794 -0.00713374 0.0217835 0.334536 0.942104
1.80702 1.08376 0.243589 0.0242861 -0.0072006 0.0219108 0.335307 0.941827
1.81037 1.08557 0.243788 0.0243951 -0.00718797 0.0218855 0.33615 0.941527
1.82007 1.0904 0.24671 0.0258809 -0.00729938 0.0218368 0.338616 0.940643
1.82335 1.09238 0.248529 0.0264901 -0.00726033 0.0217814 0.33961 0.940286
1.82775 1.09499 0.250864 0.0273454 -0.00702773 0.0215811 0.340939 0.939812
1.83109 1.09705 0.252723 0.0280551 -0.00685167 0.0214338 0.341959 0.939445
1.83449 1.09919 0.254577 0.0287862 -0.00577312 0.0211495 0.343015 0.939074
1.83887 1.10202 0.257031 0.0297541 -0.00397124 0.0204349 0.344461 0.93857
1.84227 1.10416 0.25868 0.0306536 -0.00246177 0.0197753 0.345566 0.938183
1.85185 1.11081 0.262937 0.0328993 0.00248995 0.0174062 0.349024 0.936949
1.85448 1.11272 0.263299 0.033813 0.00348646 0.0165518 0.349897 0.936635
1.86099 1.11714 0.26626 0.0351726 0.00461084 0.0146583 0.351907 0.935909
1.86475 1.11924 0.266994 0.0361754 0.00379948 0.0138721 0.352717 0.93562
1.86723 1.12056 0.266968 0.036858 0.00328649 0.0133365 0.353218 0.93544
1.87112 1.1229 0.267505 0.0377329 0.00277085 0.0131259 0.353817 0.935218
1.88018 1.12816 0.270202 0.0395367 0.00213311 0.0126028 0.355339 0.93465
1.88359 1.12927 0.269315 0.0396895 0.00235186 0.0123216 0.355636 0.93454
1.88586 1.12972 0.268277 0.0396505 0.00255462 0.012181 0.355755 0.934496
1.8905 1.13261 0.270067 0.0399422 0.00285916 0.0121314 0.356528 0.934201
1.89503 1.13571 0.27231 0.0400592 0.00302288 0.0124016 0.357311 0.933898
1.89839 1.13811 0.273993 0.0399147 0.00295813 0.0126875 0.357939 0.933654
1.90275 1.14095 0.275873 0.0399595 0.00274711 0.0130844 0.35871 0.933353
1.91258 1.14626 0.279108 0.0408077 0.00196912 0.013698 0.360325 0.932724
1.91585 1.14765 0.279192 0.0404087 0.00205572 0.0140655 0.36074 0.932558
1.91908 1.14978 0.280519 0.0400446 0.00221442 0.0145386 0.361347 0.932315
1.93221 1.15698 0.285031 0.0412895 0.00274408 0.015975 0.363845 0.931318
1.9323 1.15615 0.282769 0.0400744 0.00282389 0.0158648 0.36361 0.931412
1.93251 1.15613 0.282015 0.0391928 0.00286686 0.0158518 0.36359 0.93142
1.93974 1.16 0.28417 0.0394316 0.0030608 0.016379 0.365011 0.930854
1.94423 1.16152 0.283862 0.0392694 0.00323375 0.016537 0.365682 0.930587
1.9465 1.16216 0.28324 0.0388995 0.003373 0.0165341 0.36598 0.93047
1.95005 1.16481 0.285127 0.0383094 0.00352061 0.0167083 0.366844 0.930126
1.95457 1.16791 0.287415 0.0377769 0.00356902 0.0167204 0.368028 0.929657
1.95917 1.17063 0.289115 0.0373225 0.00365602 0.0166535 0.369127 0.929223
1.96252 1.17243 0.290031 0.0368499 0.00374819 0.0165586 0.369884 0.928923
1.9714 1.17824 0.294771 0.0372695 0.00387116 0.0162666 0.372335 0.927948
1.9747 1.18037 0.296506 0.0374482 0.00385601 0.0161408 0.373274 0.927573
1.97807 1.18251 0.298199 0.0377032 0.0038423 0.0160051 0.37422 0.927194
1.98238 1.18523 0.300287 0.0381335 0.00381636 0.0157462 0.375417 0.926714
1.98786 1.1886 0.302748 0.0386855 0.00372176 0.015063 0.376871 0.926136
1.99117 1.19058 0.304094 0.0392349 0.00364379 0.0146044 0.377687 0.925811
2.00113 1.19641 0.308604 0.0400485 0.00328601 0.0127168 0.379751 0.924995
2.00341 1.19777 0.309625 0.040787 0.00329115 0.0121923 0.380272 0.924788
2.00888 1.2009 0.311778 0.0414872 0.00395092 0.0117153 0.381788 0.924167
2.01332 1.20314 0.313018 0.0422477 0.00448179 0.0116669 0.383045 0.923645
2.01444 1.20351 0.312925 0.0427413 0.00462564 0.0116639 0.383322 0.923529
2.02096 1.20692 0.31554 0.0436693 0.00521078 0.0118418 0.3853 0.922701
2.0221 1.20726 0.31529 0.0439385 0.00530655 0.0118462 0.385576 0.922585
2.03298 1.21334 0.319869 0.0451422 0.00499508 0.0114499 0.389353 0.921004
2.0374 1.21523 0.320482 0.0455592 0.00479647 0.0114134 0.390699 0.920435
2.03963 1.21584 0.320085 0.0457467 0.00471407 0.011356 0.391293 0.920184
2.04297 1.2171 0.320495 0.0461085 0.00451977 0.0114882 0.392289 0.919759
2.04633 1.21902 0.322174 0.0463431 0.00429461 0.0116948 0.393452 0.919261
2.051 1.22173 0.324558 0.0467105 0.00417243 0.0122398 0.394933 0.918619
2.06188 1.22731 0.329164 0.0482812 0.00362148 0.0132632 0.397985 0.917289
2.06298 1.22744 0.328376 0.0478337 0.00357247 0.0132974 0.398151 0.917216
2.06633 1.2296 0.330353 0.047832 0.00318538 0.0136837 0.399025 0.916832
2.07296 1.23294 0.333315 0.0484724 0.00237309 0.0143791 0.400536 0.916165
2.07411 1.23347 0.333663 0.0480143 0.00226461 0.0144967 0.400739 0.916075
2.07861 1.23571 0.335727 0.048225 0.00187903 0.014941 0.401474 0.915747
2.08293 1.23778 0.337501 0.0483281 0.00157754 0.0153133 0.40206 0.915484
2.09278 1.24252 0.341621 0.0489179 0.00118944 0.0160097 0.40304 0.915041
2.09606 1.24415 0.342843 0.0485368 0.00103589 0.0160645 0.40308 0.915023
2.09847 1.24504 0.343155 0.0481235 0.000936833 0.0160701 0.403037 0.915042
2.1039 1.24726 0.344702 0.0482642 0.000763464 0.0161028 0.402956 0.915077
2.10717 1.24874 0.345512 0.0479317 0.000772416 0.0160972 0.402865 0.915118
2.11144 1.25078 0.346848 0.0477701 0.000862165 0.0160639 0.40273 0.915177
2.12047 1.25542 0.35156 0.0486878 0.00108149 0.015973 0.402426 0.915312
2.12379 1.25714 0.353409 0.0491653 0.00122879 0.0158551 0.402279 0.915379
2.12815 1.2594 0.35579 0.0499438 0.00163639 0.0157296 0.402076 0.91547
2.13038 1.26052 0.356899 0.0504546 0.00184847 0.0156593 0.401958 0.915522
2.13586 1.26341 0.359894 0.0514741 0.00255159 0.0155244 0.401669 0.91565
2.14014 1.26562 0.362016 0.0523952 0.00366187 0.0152516 0.401572 0.915693
2.15071 1.27121 0.367062 0.0538493 0.0082908 0.01363 0.401387 0.91577
2.15077 1.27111 0.365775 0.0547055 0.00837573 0.0135783 0.401306 0.915805
2.15529 1.27339 0.366583 0.0555943 0.0107033 0.0126869 0.401202 0.915839
2.15863 1.27492 0.368135 0.0560952 0.0104224 0.0118423 0.400896 0.915988
2.16189 1.27675 0.369859 0.0564844 0.00996241 0.0112198 0.400609 0.916126
2.16738 1.27967 0.372508 0.0569686 0.00866692 0.010868 0.399883 0.916461
2.17069 1.28132 0.373547 0.0572362 0.00815507 0.0109574 0.399279 0.916728
2.17922 1.2851 0.3767 0.0576173 0.00679547 0.0111759 0.397687 0.917428
2.1839 1.28692 0.377851 0.0577218 0.00693311 0.011327 0.396826 0.917798
2.18672 1.28818 0.378879 0.0576685 0.00706248 0.0114494 0.396409 0.917976
2.19054 1.29029 0.381156 0.0575932 0.00721564 0.0116613 0.395939 0.918174
2.19685 1.29365 0.384646 0.057635 0.00745793 0.0120526 0.395146 0.918509
2.19821 1.29443 0.385042 0.057478 0.00739158 0.0121596 0.394961 0.918588
2.20193 1.29654 0.387094 0.0574078 0.00716436 0.0124743 0.394489 0.918788
2.21302 1.30153 0.391631 0.0578836 0.00655696 0.0130503 0.393072 0.919392
2.21525 1.30244 0.391883 0.0577186 0.00653574 0.0131463 0.392789 0.919511
2.21859 1.30419 0.393361 0.0576147 0.00650393 0.0133573 0.39249 0.919636
2.22309 1.30654 0.395584 0.0576102 0.00641964 0.0135725 0.392186 0.919763
2.22743 1.30843 0.397025 0.0576303 0.00631041 0.0136531 0.391892 0.919888
2.23076 1.31003 0.398397 0.0575701 0.00619277 0.0136762 0.391737 0.919955
2.23948 1.31438 0.402877 0.0578435 0.00585231 0.0136994 0.391486 0.920063
2.24611 1.31729 0.405423 0.0579304 0.00553805 0.0135917 0.391277 0.920156
2.24624 1.31708 0.404665 0.0576126 0.00556148 0.0135524 0.391206 0.920186
2.25081 1.319 0.40635 0.0576575 0.00549906 0.013395 0.39112 0.920226
2.25541 1.32072 0.407715 0.0577353 0.00545554 0.0130847 0.391041 0.920264
2.25983 1.32216 0.408557 0.0578348 0.00541033 0.012752 0.390915 0.920322
2.26319 1.32325 0.409017 0.0578339 0.00527974 0.0124232 0.390813 0.920371
2.27183 1.3278 0.414649 0.0581291 0.00448612 0.0115455 0.390976 0.920317
2.27549 1.32974 0.417027 0.0582492 0.00419865 0.0109701 0.391051 0.920294
2.2792 1.33169 0.419392 0.0584921 0.00391569 0.0103433 0.391123 0.920272
2.28287 1.33355 0.42161 0.0588487 0.00363227 0.0097085 0.391164 0.920263
2.28633 1.33534 0.423745 0.0592672 0.0033496 0.00909864 0.391181 0.920263
2.28978 1.33722 0.426019 0.0598502 0.00298001 0.00833756 0.391117 0.920298
2.29979 1.3427 0.432864 0.0608016 0.00285477 0.00692 0.390933 0.920389
2.30423 1.34456 0.43473 0.0618347 0.00323564 0.00694542 0.390998 0.92036
2.31089 1.3472 0.437642 0.0630595 0.00340699 0.00723659 0.391363 0.920201
2.31092 1.34661 0.436421 0.0634656 0.00343471 0.00717687 0.391234 0.920257
2.31428 1.34789 0.437723 0.0641192 0.00345999 0.00745452 0.391533 0.920128
2.31889 1.35038 0.440721 0.064731 0.00336704 0.00785118 0.392086 0.919889
2.32218 1.35234 0.44293 0.064972 0.00323148 0.00810861 0.392507 0.919708
2.3332 1.35746 0.448051 0.0658366 0.00243545 0.00863737 0.393694 0.919198
2.33551 1.35768 0.446705 0.0661152 0.00223207 0.00886159 0.393738 0.919177
2.3389 1.35876 0.446779 0.0664551 0.00187427 0.00928129 0.393986 0.919068
2.34241 1.36092 0.448872 0.0665995 0.00145485 0.00995899 0.39445 0.918862
2.34689 1.36341 0.451588 0.066713 0.00090738 0.0108965 0.395005 0.918614
2.35038 1.36529 0.453549 0.0667231 0.000560542 0.011532 0.395612 0.918345
2.36155 1.37084 0.459516 0.0674522 -0.00111116 0.0130082 0.397614 0.91746
2.36382 1.37167 0.459718 0.0674732 -0.00161808 0.0131582 0.397984 0.917297
2.36725 1.37323 0.461109 0.0675809 -0.00246589 0.0134865 0.398673 0.916991
2.3717 1.37492 0.462652 0.067778 -0.00356846 0.0138904 0.399516 0.916614
2.37409 1.3758 0.463456 0.0677786 -0.00408336 0.0140964 0.400069 0.916367
2.37858 1.37759 0.465494 0.0680109 -0.00506903 0.0145052 0.40115 0.915884
2.38314 1.3795 0.467831 0.0682343 -0.0059874 0.014885 0.40234 0.91535
2.39192 1.38326 0.472101 0.0686169 -0.00751452 0.0156362 0.404857 0.914215
2.39641 1.3846 0.473253 0.068677 -0.00828077 0.015804 0.406074 0.913666
2.4017 1.3859 0.47427 0.0687246 -0.00919994 0.0158635 0.407584 0.912984
2.40285 1.3859 0.474119 0.0686471 -0.00934853 0.0158106 0.407886 0.912848
2.40625 1.38722 0.475752 0.0685191 -0.00982161 0.0157708 0.409026 0.912334
2.41075 1.38882 0.477462 0.0684268 -0.010237 0.0157877 0.410409 0.911707
2.41963 1.3932 0.483104 0.0679721 -0.0104148 0.0160384 0.41348 0.910312
2.42288 1.3949 0.485338 0.0677934 -0.0104726 0.0161324 0.414639 0.909783
2.4273 1.39719 0.488318 0.0677342 -0.0104562 0.0161398 0.416186 0.909076
2.4327 1.39991 0.49172 0.0680703 -0.0104215 0.0161364 0.418044 0.908223
2.43385 1.40049 0.492388 0.0684803 -0.0100086 0.0160947 0.418411 0.90806
2.44048 1.40412 0.496952 0.0687849 -0.00680398 0.0155004 0.420656 0.907062
2.44268 1.40521 0.498283 0.0694424 -0.00555549 0.0149821 0.421418 0.906726
2.45154 1.40934 0.502486 0.0699808 -0.00102809 0.0118575 0.42449 0.905355
2.45726 1.41138 0.503508 0.0709468 -0.000183867 0.00944578 0.426091 0.904631
2.46049 1.41285 0.505546 0.072148 -0.000401466 0.00817742 0.427005 0.904212
2.4627 1.41387 0.506862 0.0731184 -0.00112338 0.00760933 0.4275 0.903982
2.46617 1.41544 0.508819 0.0739545 -0.00224656 0.00671651 0.428278 0.903619
2.47156 1.41755 0.5117 0.0748508 -0.00382983 0.00544391 0.429379 0.9031
2.48034 1.42117 0.517594 0.0756972 -0.00543427 0.00422013 0.430774 0.902434
2.48259 1.42172 0.518782 0.0762929 -0.00529984 0.00400816 0.431027 0.902315
2.48647 1.42315 0.521203 0.0768059 -0.00506225 0.00367737 0.431537 0.902074
2.49105 1.42484 0.523739 0.0773166 -0.00485961 0.00356914 0.432139 0.901787
2.49462 1.42624 0.525667 0.0777474 -0.00486024 0.003606 0.4326 0.901566
2.49794 1.42786 0.527951 0.0780458 -0.00488261 0.00366053 0.43309 0.90133
2.50257 1.42992 0.530626 0.0783706 -0.0049171 0.00370815 0.433733 0.901021
2.51124 1.43298 0.534088 0.0790113 -0.00519286 0.0036038 0.43507 0.900375
2.5158 1.43485 0.536179 0.0793546 -0.00510338 0.00369664 0.435906 0.89997
2.52016 1.43676 0.538577 0.0795552 -0.00496955 0.00383018 0.436759 0.899557
2.52236 1.43777 0.539623 0.0796046 -0.00478703 0.0038856 0.437275 0.899307
2.52681 1.43971 0.541963 0.0795967 -0.00443201 0.00399743 0.438312 0.898803
2.53018 1.44112 0.543296 0.0796126 -0.00411758 0.00408749 0.439132 0.898404
2.53882 1.44489 0.548211 0.0792624 -0.00367215 0.00425759 0.441527 0.89723
