1 0 0 0.00143971 0 1 0 -0.00369354 0 0 1 -0.000132576
1 0 0 0.00266837 0 1 0 -0.00682749 0 0 1 -0.000347812
1 0 0 0.00389782 0 1 0 -0.00991706 0 0 1 -0.000592841
1 0 0 0.00614625 0 1 0 -0.0152564 0 0 1 -0.00122448
1 0 0 0.00746126 0 1 0 -0.0182879 0 0 1 -0.00166826
1 0 0 0.00876787 0 1 0 -0.0212052 0 0 1 -0.00207746
1 0 0 0.0101971 0 1 0 -0.0243149 0 0 1 -0.00241418
1 0 0 0.0115396 0 1 0 -0.0271782 0 0 1 -0.00255514
1 0 0 0.0128501 0 1 0 -0.0298455 0 0 1 -0.00269666
1 0 0 0.0145675 0 1 0 -0.0332861 0 0 1 -0.00298924
1 0 0 0.0177932 0 1 0 -0.039847 0 0 1 -0.00393553
1 0 0 0.0190652 0 1 0 -0.0422724 0 0 1 -0.00435718
1 0 0 0.0199412 0 1 0 -0.0438602 0 0 1 -0.00461957
1 0 0 0.0219464 0 1 0 -0.0476982 0 0 1 -0.00535418
1 0 0 0.0232355 0 1 0 -0.0498755 0 0 1 -0.00584008
1 0 0 0.0245754 0 1 0 -0.0520066 0 0 1 -0.00635159
1 0 0 0.028158 0 1 0 -0.0585446 0 0 1 -0.00790752
1 0 0 0.0306868 0 1 0 -0.0624172 0 0 1 -0.00892607
1 0 0 0.0316139 0 1 0 -0.0626851 0 0 1 -0.00908495
1 0 0 0.0329851 0 1 0 -0.0639639 0 0 1 -0.00947099
1 0 0 0.0345975 0 1 0 -0.0657815 0 0 1 -0.00998147
1 0 0 0.036381 0 1 0 -0.0677396 0 0 1 -0.0105101
1 0 0 0.0383291 0 1 0 -0.0698024 0 0 1 -0.0110665
1 0 0 0.0419624 0 1 0 -0.073974 0 0 1 -0.0123155
1 0 0 0.0437313 0 1 0 -0.0751377 0 0 1 -0.0128364
1 0 0 0.045949 0 1 0 -0.0767247 0 0 1 -0.0134787
1 0 0 0.0476846 0 1 0 -0.0773034 0 0 1 -0.013875
1 0 0 0.050622 0 1 0 -0.0794239 0 0 1 -0.0147401
1 0 0 0.0530723 0 1 0 -0.080818 0 0 1 -0.0154628
1 0 0 0.0566385 0 1 0 -0.0829022 0 0 1 -0.0166403
1 0 0 0.059661 0 1 0 -0.0841333 0 0 1 -0.0176447
1 0 0 0.0624924 0 1 0 -0.0851427 0 0 1 -0.0186004
1 0 0 0.0648972 0 1 0 -0.0858252 0 0 1 -0.0193635
1 0 0 0.0673086 0 1 0 -0.0864979 0 0 1 -0.0201194
1 0 0 0.0695989 0 1 0 -0.0870077 0 0 1 -0.0208072
1 0 0 0.0713678 0 1 0 -0.0871654 0 0 1 -0.0213089
1 0 0 0.0777414 0 1 0 -0.0906028 0 0 1 -0.0235955
1 0 0 0.0797133 0 1 0 -0.0917675 0 0 1 -0.0243055
1 0 0 0.0823191 0 1 0 -0.0932211 0 0 1 -0.0251079
1 0 0 0.0831424 0 1 0 -0.0936412 0 0 1 -0.025292
1 0 0 0.0863102 0 1 0 -0.0952101 0 0 1 -0.0259468
1 0 0 0.0888599 0 1 0 -0.0963274 0 0 1 -0.026282
1 0 0 0.0946106 0 1 0 -0.0987824 0 0 1 -0.0270412
1 0 0 0.0974263 0 1 0 -0.0996758 0 0 1 -0.0273516
1 0 0 0.100485 0 1 0 -0.100558 0 0 1 -0.0277594
1 0 0 0.10485 0 1 0 -0.101819 0 0 1 -0.0283894
1 0 0 0.106741 0 1 0 -0.102134 0 0 1 -0.0286429
1 0 0 0.109396 0 1 0 -0.102614 0 0 1 -0.029048
1 0 0 0.111964 0 1 0 -0.102983 0 0 1 -0.0294457
1 0 0 0.118822 0 1 0 -0.104381 0 0 1 -0.0306255
1 0 0 0.121463 0 1 0 -0.10442 0 0 1 -0.0311378
1 0 0 0.124348 0 1 0 -0.104645 0 0 1 -0.0316686
1 0 0 0.126633 0 1 0 -0.104771 0 0 1 -0.0321048
1 0 0 0.129358 0 1 0 -0.104917 0 0 1 -0.0326478
1 0 0 0.132806 0 1 0 -0.10525 0 0 1 -0.0333116
1 0 0 0.140873 0 1 0 -0.106517 0 0 1 -0.0347486
1 0 0 0.142357 0 1 0 -0.106265 0 0 1 -0.0349497
1 0 0 0.144066 0 1 0 -0.106192 0 0 1 -0.0352081
1 0 0 0.148726 0 1 0 -0.106619 0 0 1 -0.0358954
1 0 0 0.151144 0 1 0 -0.106693 0 0 1 -0.0362114
1 0 0 0.152021 0 1 0 -0.106593 0 0 1 -0.0362882
1 0 0 0.15535 0 1 0 -0.106882 0 0 1 -0.0367811
1 0 0 0.160691 0 1 0 -0.107387 0 0 1 -0.0375608
1 0 0 0.163168 0 1 0 -0.107609 0 0 1 -0.037883
1 0 0 0.165325 0 1 0 -0.107871 0 0 1 -0.0381892
1 0 0 0.168219 0 1 0 -0.108229 0 0 1 -0.0386307
1 0 0 0.170802 0 1 0 -0.108558 0 0 1 -0.0389882
1 0 0 0.173261 0 1 0 -0.108886 0 0 1 -0.0393278
1 0 0 0.18153 0 1 0 -0.109755 0 0 1 -0.0407052
1 0 0 0.184352 0 1 0 -0.109895 0 0 1 -0.0412432
1 0 0 0.187206 0 1 0 -0.110044 0 0 1 -0.0417289
1 0 0 0.190279 0 1 0 -0.110188 0 0 1 -0.0422966
1 0 0 0.193243 0 1 0 -0.110396 0 0 1 -0.0429273
1 0 0 0.1966 0 1 0 -0.110822 0 0 1 -0.0437158
1 0 0 0.200368 0 1 0 -0.111099 0 0 1 -0.0446158
1 0 0 0.208443 0 1 0 -0.112218 0 0 1 -0.0455495
1 0 0 0.209859 0 1 0 -0.112715 0 0 1 -0.0453921
1 0 0 0.212234 0 1 0 -0.11329 0 0 1 -0.0453955
1 0 0 0.215604 0 1 0 -0.114269 0 0 1 -0.0455159
1 0 0 0.217726 0 1 0 -0.115068 0 0 1 -0.0454265
1 0 0 0.222059 0 1 0 -0.116081 0 0 1 -0.0457985
1 0 0 0.227118 0 1 0 -0.117266 0 0 1 -0.0461796
1 0 0 0.229532 0 1 0 -0.11815 0 0 1 -0.046238
1 0 0 0.231536 0 1 0 -0.11906 0 0 1 -0.0462034
1 0 0 0.234253 0 1 0 -0.120078 0 0 1 -0.0463298
1 0 0 0.23812 0 1 0 -0.121131 0 0 1 -0.0465219
1 0 0 0.241184 0 1 0 -0.12209 0 0 1 -0.0465488
1 0 0 0.244835 0 1 0 -0.123108 0 0 1 -0.0465195
1 0 0 0.24806 0 1 0 -0.124471 0 0 1 -0.0462228
1 0 0 0.250264 0 1 0 -0.125691 0 0 1 -0.045763
1 0 0 0.252624 0 1 0 -0.126766 0 0 1 -0.0453698
1 0 0 0.25392 0 1 0 -0.127821 0 0 1 -0.0450632
1 0 0 0.256913 0 1 0 -0.12897 0 0 1 -0.0448479
1 0 0 0.258745 0 1 0 -0.130133 0 0 1 -0.0444958
1 0 0 0.26566 0 1 0 -0.131663 0 0 1 -0.0442005
1 0 0 0.267615 0 1 0 -0.133078 0 0 1 -0.0435412
1 0 0 0.267271 0 1 0 -0.134184 0 0 1 -0.0429541
1 0 0 0.269989 0 1 0 -0.135304 0 0 1 -0.042514
1 0 0 0.27268 0 1 0 -0.136485 0 0 1 -0.0420908
1 0 0 0.276018 0 1 0 -0.137637 0 0 1 -0.0416674
1 0 0 0.28058 0 1 0 -0.139088 0 0 1 -0.0409804
1 0 0 0.282067 0 1 0 -0.139803 0 0 1 -0.0408496
1 0 0 0.285597 0 1 0 -0.139993 0 0 1 -0.0408964
1 0 0 0.288777 0 1 0 -0.140175 0 0 1 -0.0409199
1 0 0 0.291027 0 1 0 -0.140358 0 0 1 -0.0408664
1 0 0 0.300375 0 1 0 -0.141329 0 0 1 -0.0402709
1 0 0 0.300197 0 1 0 -0.14212 0 0 1 -0.0398825
1 0 0 0.304954 0 1 0 -0.143188 0 0 1 -0.0394853
1 0 0 0.309115 0 1 0 -0.145137 0 0 1 -0.0389861
1 0 0 0.312343 0 1 0 -0.147419 0 0 1 -0.0384989
1 0 0 0.316342 0 1 0 -0.149904 0 0 1 -0.0380323
1 0 0 0.318851 0 1 0 -0.152084 0 0 1 -0.0374802
1 0 0 0.32142 0 1 0 -0.153717 0 0 1 -0.0370799
1 0 0 0.323758 0 1 0 -0.155475 0 0 1 -0.0366597
1 0 0 0.329718 0 1 0 -0.158646 0 0 1 -0.0359288
1 0 0 0.331795 0 1 0 -0.16142 0 0 1 -0.0352465
1 0 0 0.335013 0 1 0 -0.163977 0 0 1 -0.0349666
1 0 0 0.336508 0 1 0 -0.165791 0 0 1 -0.0348158
1 0 0 0.339658 0 1 0 -0.16768 0 0 1 -0.0346248
1 0 0 0.341545 0 1 0 -0.16944 0 0 1 -0.0343885
1 0 0 0.348586 0 1 0 -0.172422 0 0 1 -0.0339356
1 0 0 0.350675 0 1 0 -0.174893 0 0 1 -0.0334829
1 0 0 0.351387 0 1 0 -0.177122 0 0 1 -0.0334045
1 0 0 0.354691 0 1 0 -0.179434 0 0 1 -0.0331546
1 0 0 0.357337 0 1 0 -0.18148 0 0 1 -0.0327878
1 0 0 0.359926 0 1 0 -0.183404 0 0 1 -0.0323851
1 0 0 0.361608 0 1 0 -0.18516 0 0 1 -0.0320588
1 0 0 0.366747 0 1 0 -0.187848 0 0 1 -0.031197
1 0 0 0.36748 0 1 0 -0.189633 0 0 1 -0.0307717
1 0 0 0.369892 0 1 0 -0.191853 0 0 1 -0.0306785
1 0 0 0.371963 0 1 0 -0.193912 0 0 1 -0.0305221
1 0 0 0.375786 0 1 0 -0.196198 0 0 1 -0.030005
1 0 0 0.375017 0 1 0 -0.197626 0 0 1 -0.0297686
1 0 0 0.381285 0 1 0 -0.200622 0 0 1 -0.0291671
1 0 0 0.385067 0 1 0 -0.201171 0 0 1 -0.0287667
1 0 0 0.387889 0 1 0 -0.201628 0 0 1 -0.0284086
1 0 0 0.390782 0 1 0 -0.202186 0 0 1 -0.0280073
1 0 0 0.394567 0 1 0 -0.203059 0 0 1 -0.0274343
1 0 0 0.398171 0 1 0 -0.204163 0 0 1 -0.0267352
1 0 0 0.400688 0 1 0 -0.205196 0 0 1 -0.0260958
1 0 0 0.405959 0 1 0 -0.208 0 0 1 -0.0245098
1 0 0 0.408123 0 1 0 -0.210331 0 0 1 -0.0232663
1 0 0 0.410669 0 1 0 -0.212766 0 0 1 -0.0225598
1 0 0 0.413523 0 1 0 -0.214912 0 0 1 -0.0220144
1 0 0 0.415651 0 1 0 -0.216678 0 0 1 -0.0214041
1 0 0 0.417348 0 1 0 -0.218372 0 0 1 -0.0207766
1 0 0 0.424867 0 1 0 -0.221646 0 0 1 -0.0194966
1 0 0 0.426602 0 1 0 -0.223565 0 0 1 -0.0192131
1 0 0 0.429264 0 1 0 -0.225452 0 0 1 -0.0188491
1 0 0 0.429151 0 1 0 -0.226692 0 0 1 -0.0187841
1 0 0 0.43064 0 1 0 -0.228441 0 0 1 -0.0184507
1 0 0 0.434017 0 1 0 -0.231061 0 0 1 -0.0177028
1 0 0 0.435024 0 1 0 -0.233324 0 0 1 -0.0173034
1 0 0 0.440212 0 1 0 -0.237162 0 0 1 -0.0157736
1 0 0 0.440487 0 1 0 -0.239706 0 0 1 -0.0151355
1 0 0 0.441356 0 1 0 -0.242239 0 0 1 -0.014557
1 0 0 0.444712 0 1 0 -0.245377 0 0 1 -0.0133455
1 0 0 0.444343 0 1 0 -0.247762 0 0 1 -0.0134784
1 0 0 0.44611 0 1 0 -0.250217 0 0 1 -0.0130867
1 0 0 0.451447 0 1 0 -0.253605 0 0 1 -0.0109194
1 0 0 0.450323 0 1 0 -0.256431 0 0 1 -0.0101229
1 0 0 0.450542 0 1 0 -0.259038 0 0 1 -0.0101556
1 0 0 0.452226 0 1 0 -0.261732 0 0 1 -0.0100274
1 0 0 0.455669 0 1 0 -0.264669 0 0 1 -0.00921621
1 0 0 0.455541 0 1 0 -0.26684 0 0 1 -0.00960585
1 0 0 0.457002 0 1 0 -0.268984 0 0 1 -0.00954924
1 0 0 0.464592 0 1 0 -0.271588 0 0 1 -0.0078223
1 0 0 0.466294 0 1 0 -0.271828 0 0 1 -0.00740203
1 0 0 0.468087 0 1 0 -0.272118 0 0 1 -0.00691202
1 0 0 0.472317 0 1 0 -0.273011 0 0 1 -0.00549464
1 0 0 0.47471 0 1 0 -0.273875 0 0 1 -0.00445239
1 0 0 0.47714 0 1 0 -0.274946 0 0 1 -0.00329445
1 0 0 0.483431 0 1 0 -0.277421 0 0 1 -0.000493457
1 0 0 0.485368 0 1 0 -0.279837 0 0 1 0.000410118
1 0 0 0.487889 0 1 0 -0.28254 0 0 1 0.00162998
1 0 0 0.489465 0 1 0 -0.284839 0 0 1 0.00242396
1 0 0 0.490937 0 1 0 -0.287053 0 0 1 0.00335105
1 0 0 0.493014 0 1 0 -0.289544 0 0 1 0.00406069
1 0 0 0.49874 0 1 0 -0.293556 0 0 1 0.00660266
1 0 0 0.499838 0 1 0 -0.297143 0 0 1 0.00653435
1 0 0 0.501062 0 1 0 -0.300135 0 0 1 0.00661898
1 0 0 0.502131 0 1 0 -0.302877 0 0 1 0.00642504
1 0 0 0.504674 0 1 0 -0.306027 0 0 1 0.00687678
1 0 0 0.50552 0 1 0 -0.308583 0 0 1 0.00661521
1 0 0 0.508423 0 1 0 -0.311887 0 0 1 0.00737567
1 0 0 0.511685 0 1 0 -0.316177 0 0 1 0.00836323
1 0 0 0.513693 0 1 0 -0.319779 0 0 1 0.00856373
1 0 0 0.514392 0 1 0 -0.322386 0 0 1 0.00815634
1 0 0 0.516008 0 1 0 -0.325388 0 0 1 0.00810347
1 0 0 0.519295 0 1 0 -0.328984 0 0 1 0.00908197
1 0 0 0.520447 0 1 0 -0.331817 0 0 1 0.00899068
1 0 0 0.520971 0 1 0 -0.334179 0 0 1 0.00862462
1 0 0 0.525456 0 1 0 -0.338878 0 0 1 0.00980558
1 0 0 0.52855 0 1 0 -0.343105 0 0 1 0.0107083
1 0 0 0.5292 0 1 0 -0.346091 0 0 1 0.0105794
1 0 0 0.529189 0 1 0 -0.3486 0 0 1 0.00981286
1 0 0 0.530769 0 1 0 -0.351357 0 0 1 0.0098975
1 0 0 0.531861 0 1 0 -0.353857 0 0 1 0.0100826
1 0 0 0.535469 0 1 0 -0.358116 0 0 1 0.0117268
1 0 0 0.537658 0 1 0 -0.359065 0 0 1 0.0128669
1 0 0 0.539771 0 1 0 -0.360052 0 0 1 0.0140493
1 0 0 0.541672 0 1 0 -0.361076 0 0 1 0.0153079
1 0 0 0.54429 0 1 0 -0.362528 0 0 1 0.0170585
1 0 0 0.546624 0 1 0 -0.364014 0 0 1 0.0188003
1 0 0 0.549507 0 1 0 -0.366084 0 0 1 0.020812
1 0 0 0.553441 0 1 0 -0.370209 0 0 1 0.0232233
1 0 0 0.556325 0 1 0 -0.373511 0 0 1 0.0249753
1 0 0 0.555706 0 1 0 -0.374308 0 0 1 0.0248149
1 0 0 0.557471 0 1 0 -0.376698 0 0 1 0.0257448
1 0 0 0.560266 0 1 0 -0.379953 0 0 1 0.0269853
1 0 0 0.562322 0 1 0 -0.38316 0 0 1 0.0278049
1 0 0 0.566383 0 1 0 -0.388089 0 0 1 0.0293152
1 0 0 0.564358 0 1 0 -0.388997 0 0 1 0.0289388
1 0 0 0.565017 0 1 0 -0.391347 0 0 1 0.0293576
1 0 0 0.567299 0 1 0 -0.3949 0 0 1 0.0295489
1 0 0 0.568488 0 1 0 -0.397617 0 0 1 0.0295537
1 0 0 0.57006 0 1 0 -0.401007 0 0 1 0.0296896
1 0 0 0.571201 0 1 0 -0.403863 0 0 1 0.0296116
1 0 0 0.576532 0 1 0 -0.411225 0 0 1 0.0311139
1 0 0 0.57586 0 1 0 -0.413266 0 0 1 0.0306739
1 0 0 0.576517 0 1 0 -0.415889 0 0 1 0.0307294
1 0 0 0.57757 0 1 0 -0.418408 0 0 1 0.0307628
1 0 0 0.579321 0 1 0 -0.421548 0 0 1 0.0311224
1 0 0 0.580608 0 1 0 -0.42429 0 0 1 0.0312776
1 0 0 0.583998 0 1 0 -0.429087 0 0 1 0.0321362
1 0 0 0.585225 0 1 0 -0.432582 0 0 1 0.0323693
1 0 0 0.585901 0 1 0 -0.43538 0 0 1 0.0324668
1 0 0 0.586256 0 1 0 -0.43767 0 0 1 0.0326259
1 0 0 0.587181 0 1 0 -0.440301 0 0 1 0.0329089
1 0 0 0.588365 0 1 0 -0.442783 0 0 1 0.0329612
1 0 0 0.589968 0 1 0 -0.445594 0 0 1 0.0332115
1 0 0 0.593473 0 1 0 -0.449937 0 0 1 0.0340447
1 0 0 0.596727 0 1 0 -0.45281 0 0 1 0.0348884
1 0 0 0.598215 0 1 0 -0.454077 0 0 1 0.0353867
1 0 0 0.601506 0 1 0 -0.4568 0 0 1 0.0365649
1 0 0 0.602719 0 1 0 -0.457677 0 0 1 0.0371263
1 0 0 0.603615 0 1 0 -0.458585 0 0 1 0.0375092
1 0 0 0.607589 0 1 0 -0.462735 0 0 1 0.0392131
1 0 0 0.607907 0 1 0 -0.464229 0 0 1 0.0398316
1 0 0 0.610227 0 1 0 -0.466987 0 0 1 0.0406191
1 0 0 0.612747 0 1 0 -0.470403 0 0 1 0.0415683
1 0 0 0.61317 0 1 0 -0.472187 0 0 1 0.0420646
1 0 0 0.614025 0 1 0 -0.474281 0 0 1 0.042444
1 0 0 0.615845 0 1 0 -0.477876 0 0 1 0.0431908
1 0 0 0.617517 0 1 0 -0.482148 0 0 1 0.0438478
1 0 0 0.617342 0 1 0 -0.484429 0 0 1 0.0441923
1 0 0 0.618801 0 1 0 -0.487857 0 0 1 0.0448068
1 0 0 0.619986 0 1 0 -0.490901 0 0 1 0.045229
1 0 0 0.620831 0 1 0 -0.493572 0 0 1 0.0454983
1 0 0 0.621915 0 1 0 -0.496575 0 0 1 0.045921
1 0 0 0.624917 0 1 0 -0.501849 0 0 1 0.0472551
1 0 0 0.626246 0 1 0 -0.506196 0 0 1 0.0483937
1 0 0 0.625568 0 1 0 -0.508106 0 0 1 0.0486709
1 0 0 0.625368 0 1 0 -0.510019 0 0 1 0.0489353
1 0 0 0.626227 0 1 0 -0.512838 0 0 1 0.0494047
1 0 0 0.627934 0 1 0 -0.51682 0 0 1 0.0503156
1 0 0 0.627579 0 1 0 -0.5186 0 0 1 0.0502733
1 0 0 0.631294 0 1 0 -0.524922 0 0 1 0.0522272
1 0 0 0.632042 0 1 0 -0.528135 0 0 1 0.052273
1 0 0 0.632307 0 1 0 -0.530658 0 0 1 0.0521607
1 0 0 0.633295 0 1 0 -0.534259 0 0 1 0.0524405
1 0 0 0.633435 0 1 0 -0.53708 0 0 1 0.0527063
1 0 0 0.633118 0 1 0 -0.539088 0 0 1 0.0525275
1 0 0 0.635422 0 1 0 -0.54439 0 0 1 0.0532167
1 0 0 0.637441 0 1 0 -0.546394 0 0 1 0.0539239
1 0 0 0.638882 0 1 0 -0.547866 0 0 1 0.0544094
1 0 0 0.63985 0 1 0 -0.54889 0 0 1 0.0547664
1 0 0 0.641782 0 1 0 -0.550959 0 0 1 0.0554084
1 0 0 0.644368 0 1 0 -0.553818 0 0 1 0.0563005
1 0 0 0.649494 0 1 0 -0.559388 0 0 1 0.057923
1 0 0 0.650391 0 1 0 -0.560316 0 0 1 0.0584734
1 0 0 0.654713 0 1 0 -0.564286 0 0 1 0.0595628
1 0 0 0.655265 0 1 0 -0.565847 0 0 1 0.0599959
1 0 0 0.655594 0 1 0 -0.567355 0 0 1 0.0603065
1 0 0 0.657163 0 1 0 -0.570372 0 0 1 0.0608084
1 0 0 0.661361 0 1 0 -0.575991 0 0 1 0.061999
1 0 0 0.663315 0 1 0 -0.579151 0 0 1 0.0620803
1 0 0 0.664536 0 1 0 -0.581884 0 0 1 0.062114
1 0 0 0.664538 0 1 0 -0.583363 0 0 1 0.0620243
1 0 0 0.665462 0 1 0 -0.586117 0 0 1 0.0621174
1 0 0 0.666908 0 1 0 -0.589571 0 0 1 0.0623048
1 0 0 0.668166 0 1 0 -0.592606 0 0 1 0.0624256
1 0 0 0.670768 0 1 0 -0.597654 0 0 1 0.0629926
1 0 0 0.671406 0 1 0 -0.601529 0 0 1 0.0633777
1 0 0 0.670659 0 1 0 -0.60358 0 0 1 0.0633742
1 0 0 0.67116 0 1 0 -0.606496 0 0 1 0.063579
1 0 0 0.671555 0 1 0 -0.609194 0 0 1 0.0636906
1 0 0 0.672629 0 1 0 -0.612422 0 0 1 0.0640184
1 0 0 0.673125 0 1 0 -0.615091 0 0 1 0.0641573
1 0 0 0.675962 0 1 0 -0.620583 0 0 1 0.0652443
1 0 0 0.67593 0 1 0 -0.62305 0 0 1 0.065244
1 0 0 0.675683 0 1 0 -0.625058 0 0 1 0.0650977
1 0 0 0.676658 0 1 0 -0.627955 0 0 1 0.0651203
1 0 0 0.678256 0 1 0 -0.631617 0 0 1 0.0654773
1 0 0 0.679043 0 1 0 -0.634426 0 0 1 0.0657112
1 0 0 0.680883 0 1 0 -0.638616 0 0 1 0.0662244
1 0 0 0.683169 0 1 0 -0.640839 0 0 1 0.0669154
1 0 0 0.685432 0 1 0 -0.643013 0 0 1 0.0676899
1 0 0 0.687805 0 1 0 -0.645267 0 0 1 0.0686077
1 0 0 0.68845 0 1 0 -0.645951 0 0 1 0.0689045
1 0 0 0.691467 0 1 0 -0.648634 0 0 1 0.0701575
1 0 0 0.695785 0 1 0 -0.652371 0 0 1 0.0717429
1 0 0 0.697578 0 1 0 -0.654295 0 0 1 0.0725318
1 0 0 0.697728 0 1 0 -0.65551 0 0 1 0.0729584
1 0 0 0.699439 0 1 0 -0.658175 0 0 1 0.0735777
1 0 0 0.700672 0 1 0 -0.660573 0 0 1 0.0742258
1 0 0 0.701966 0 1 0 -0.663227 0 0 1 0.0750857
1 0 0 0.702365 0 1 0 -0.665247 0 0 1 0.0756256
1 0 0 0.705392 0 1 0 -0.670835 0 0 1 0.0770289
1 0 0 0.705552 0 1 0 -0.67456 0 0 1 0.077393
1 0 0 0.705882 0 1 0 -0.677777 0 0 1 0.0777087
1 0 0 0.706858 0 1 0 -0.681425 0 0 1 0.078288
1 0 0 0.70649 0 1 0 -0.683752 0 0 1 0.078403
1 0 0 0.707047 0 1 0 -0.687141 0 0 1 0.0786852
1 0 0 0.707735 0 1 0 -0.690596 0 0 1 0.0788889
1 0 0 0.710007 0 1 0 -0.69651 0 0 1 0.0796073
1 0 0 0.709938 0 1 0 -0.700025 0 0 1 0.0795467
1 0 0 0.70983 0 1 0 -0.703473 0 0 1 0.0795084
1 0 0 0.709348 0 1 0 -0.705856 0 0 1 0.0794325
1 0 0 0.709717 0 1 0 -0.709015 0 0 1 0.0795411
1 0 0 0.710415 0 1 0 -0.712469 0 0 1 0.079765
1 0 0 0.71235 0 1 0 -0.717453 0 0 1 0.0801525
1 0 0 0.712593 0 1 0 -0.721537 0 0 1 0.0801742
1 0 0 0.712477 0 1 0 -0.724911 0 0 1 0.0801194
1 0 0 0.712387 0 1 0 -0.727775 0 0 1 0.0801436
1 0 0 0.711964 0 1 0 -0.730153 0 0 1 0.0801164
1 0 0 0.711984 0 1 0 -0.733073 0 0 1 0.0802835
1 0 0 0.712333 0 1 0 -0.736342 0 0 1 0.0804056
1 0 0 0.715193 0 1 0 -0.741436 0 0 1 0.0812842
1 0 0 0.722776 0 1 0 -0.749419 0 0 1 0.0836564
1 0 0 0.722557 0 1 0 -0.749354 0 0 1 0.0838224
1 0 0 0.723173 0 1 0 -0.750143 0 0 1 0.0840515
1 0 0 0.723394 0 1 0 -0.750504 0 0 1 0.0841414
1 0 0 0.723593 0 1 0 -0.750885 0 0 1 0.0842202
1 0 0 0.727724 0 1 0 -0.755584 0 0 1 0.085168
1 0 0 0.728837 0 1 0 -0.757301 0 0 1 0.085508
1 0 0 0.730627 0 1 0 -0.760072 0 0 1 0.085802
1 0 0 0.732899 0 1 0 -0.763266 0 0 1 0.0860368
1 0 0 0.735638 0 1 0 -0.767543 0 0 1 0.0863896
1 0 0 0.736014 0 1 0 -0.769017 0 0 1 0.0864771
1 0 0 0.73926 0 1 0 -0.774345 0 0 1 0.0867548
1 0 0 0.741305 0 1 0 -0.779295 0 0 1 0.0869333
1 0 0 0.742294 0 1 0 -0.78265 0 0 1 0.0867918
1 0 0 0.742962 0 1 0 -0.785483 0 0 1 0.0865251
1 0 0 0.744594 0 1 0 -0.789885 0 0 1 0.0864374
1 0 0 0.745074 0 1 0 -0.792889 0 0 1 0.0863627
1 0 0 0.745147 0 1 0 -0.795126 0 0 1 0.0862493
1 0 0 0.747586 0 1 0 -0.800159 0 0 1 0.0861279
1 0 0 0.749058 0 1 0 -0.804391 0 0 1 0.085964
1 0 0 0.749672 0 1 0 -0.807545 0 0 1 0.0858029
1 0 0 0.750295 0 1 0 -0.810422 0 0 1 0.0857304
1 0 0 0.750912 0 1 0 -0.813066 0 0 1 0.0856625
1 0 0 0.752097 0 1 0 -0.816542 0 0 1 0.0856666
1 0 0 0.753069 0 1 0 -0.819663 0 0 1 0.0855634
1 0 0 0.75511 0 1 0 -0.824656 0 0 1 0.0857546
1 0 0 0.756115 0 1 0 -0.827905 0 0 1 0.085597
1 0 0 0.757342 0 1 0 -0.831479 0 0 1 0.085607
1 0 0 0.758373 0 1 0 -0.834624 0 0 1 0.0855206
1 0 0 0.759079 0 1 0 -0.837183 0 0 1 0.0854448
1 0 0 0.760254 0 1 0 -0.840308 0 0 1 0.0854647
1 0 0 0.762595 0 1 0 -0.845543 0 0 1 0.0856728
1 0 0 0.764747 0 1 0 -0.848728 0 0 1 0.0862385
1 0 0 0.765642 0 1 0 -0.850047 0 0 1 0.0865425
1 0 0 0.76744 0 1 0 -0.852722 0 0 1 0.0872534
1 0 0 0.768798 0 1 0 -0.854646 0 0 1 0.0878544
1 0 0 0.770072 0 1 0 -0.856561 0 0 1 0.088481
1 0 0 0.772261 0 1 0 -0.859609 0 0 1 0.0895736
1 0 0 0.77662 0 1 0 -0.865191 0 0 1 0.0915435
1 0 0 0.777231 0 1 0 -0.866478 0 0 1 0.0919088
1 0 0 0.778804 0 1 0 -0.868602 0 0 1 0.0924593
1 0 0 0.780741 0 1 0 -0.870911 0 0 1 0.0929618
1 0 0 0.781803 0 1 0 -0.872601 0 0 1 0.0932509
1 0 0 0.783839 0 1 0 -0.876307 0 0 1 0.0939626
1 0 0 0.786451 0 1 0 -0.882399 0 0 1 0.0952805
1 0 0 0.785849 0 1 0 -0.884731 0 0 1 0.0948601
1 0 0 0.787442 0 1 0 -0.888767 0 0 1 0.0948027
1 0 0 0.788117 0 1 0 -0.891346 0 0 1 0.0945609
1 0 0 0.789495 0 1 0 -0.894529 0 0 1 0.0944311
1 0 0 0.791011 0 1 0 -0.898136 0 0 1 0.0943526
1 0 0 0.793194 0 1 0 -0.902702 0 0 1 0.0944371
1 0 0 0.795171 0 1 0 -0.907297 0 0 1 0.0946283
1 0 0 0.795802 0 1 0 -0.909846 0 0 1 0.0946653
1 0 0 0.796564 0 1 0 -0.913005 0 0 1 0.0945205
1 0 0 0.798458 0 1 0 -0.917429 0 0 1 0.0946843
1 0 0 0.799887 0 1 0 -0.921346 0 0 1 0.0947378
1 0 0 0.800248 0 1 0 -0.923871 0 0 1 0.0945592
1 0 0 0.803366 0 1 0 -0.929634 0 0 1 0.0949787
1 0 0 0.805431 0 1 0 -0.934703 0 0 1 0.095181
1 0 0 0.805146 0 1 0 -0.936629 0 0 1 0.094984
1 0 0 0.805379 0 1 0 -0.93898 0 0 1 0.0948085
1 0 0 0.807065 0 1 0 -0.942999 0 0 1 0.094976
1 0 0 0.808142 0 1 0 -0.946281 0 0 1 0.0950208
1 0 0 0.808554 0 1 0 -0.94869 0 0 1 0.0949948
1 0 0 0.811604 0 1 0 -0.953731 0 0 1 0.0955068
1 0 0 0.812608 0 1 0 -0.954942 0 0 1 0.0956786
1 0 0 0.815 0 1 0 -0.957861 0 0 1 0.0962389
1 0 0 0.816375 0 1 0 -0.959653 0 0 1 0.0967587
1 0 0 0.818725 0 1 0 -0.962722 0 0 1 0.0976123
1 0 0 0.819297 0 1 0 -0.963662 0 0 1 0.0980219
1 0 0 0.8229 0 1 0 -0.968615 0 0 1 0.0991265
1 0 0 0.82483 0 1 0 -0.971828 0 0 1 0.0998371
1 0 0 0.826319 0 1 0 -0.974565 0 0 1 0.100394
1 0 0 0.828223 0 1 0 -0.97773 0 0 1 0.101041
1 0 0 0.829212 0 1 0 -0.980006 0 0 1 0.101393
1 0 0 0.830456 0 1 0 -0.982782 0 0 1 0.101775
1 0 0 0.831294 0 1 0 -0.985389 0 0 1 0.102084
1 0 0 0.835298 0 1 0 -0.992699 0 0 1 0.10255
1 0 0 0.836206 0 1 0 -0.99641 0 0 1 0.102767
1 0 0 0.837039 0 1 0 -1.00003 0 0 1 0.103013
1 0 0 0.83766 0 1 0 -1.00325 0 0 1 0.103235
1 0 0 0.83793 0 1 0 -1.00589 0 0 1 0.103437
1 0 0 0.838818 0 1 0 -1.00911 0 0 1 0.103675
1 0 0 0.841903 0 1 0 -1.01574 0 0 1 0.104115
1 0 0 0.842167 0 1 0 -1.01954 0 0 1 0.104462
1 0 0 0.841872 0 1 0 -1.02216 0 0 1 0.104777
1 0 0 0.842566 0 1 0 -1.02568 0 0 1 0.105165
1 0 0 0.842847 0 1 0 -1.02848 0 0 1 0.105522
1 0 0 0.844318 0 1 0 -1.03303 0 0 1 0.106087
1 0 0 0.846231 0 1 0 -1.03831 0 0 1 0.106814
1 0 0 0.845766 0 1 0 -1.04067 0 0 1 0.107073
1 0 0 0.846381 0 1 0 -1.044 0 0 1 0.10743
1 0 0 0.847315 0 1 0 -1.0475 0 0 1 0.107863
1 0 0 0.847592 0 1 0 -1.04992 0 0 1 0.10809
1 0 0 0.849728 0 1 0 -1.0546 0 0 1 0.108704
1 0 0 0.848945 0 1 0 -1.05572 0 0 1 0.108732
1 0 0 0.851849 0 1 0 -1.06186 0 0 1 0.109351
1 0 0 0.854179 0 1 0 -1.06481 0 0 1 0.109754
1 0 0 0.855144 0 1 0 -1.06605 0 0 1 0.109933
1 0 0 0.857016 0 1 0 -1.06847 0 0 1 0.110349
1 0 0 0.857953 0 1 0 -1.06971 0 0 1 0.110626
1 0 0 0.860354 0 1 0 -1.07296 0 0 1 0.11123
1 0 0 0.864121 0 1 0 -1.07825 0 0 1 0.111784
1 0 0 0.865904 0 1 0 -1.08257 0 0 1 0.112877
1 0 0 0.867358 0 1 0 -1.08682 0 0 1 0.113759
1 0 0 0.867332 0 1 0 -1.0882 0 0 1 0.114574
1 0 0 0.867429 0 1 0 -1.08933 0 0 1 0.115199
1 0 0 0.869397 0 1 0 -1.09263 0 0 1 0.115691
1 0 0 0.871451 0 1 0 -1.0964 0 0 1 0.116262
1 0 0 0.875044 0 1 0 -1.10377 0 0 1 0.116826
1 0 0 0.876058 0 1 0 -1.10785 0 0 1 0.117125
1 0 0 0.876448 0 1 0 -1.11021 0 0 1 0.117333
1 0 0 0.877548 0 1 0 -1.11338 0 0 1 0.117587
1 0 0 0.879418 0 1 0 -1.11808 0 0 1 0.117932
1 0 0 0.880587 0 1 0 -1.12191 0 0 1 0.118082
1 0 0 0.88229 0 1 0 -1.12633 0 0 1 0.118137
1 0 0 0.885411 0 1 0 -1.13309 0 0 1 0.118177
1 0 0 0.885992 0 1 0 -1.13631 0 0 1 0.118222
1 0 0 0.88777 0 1 0 -1.1412 0 0 1 0.118036
1 0 0 0.890451 0 1 0 -1.14728 0 0 1 0.117492
1 0 0 0.891126 0 1 0 -1.15014 0 0 1 0.117595
1 0 0 0.89136 0 1 0 -1.15202 0 0 1 0.117843
1 0 0 0.894286 0 1 0 -1.15887 0 0 1 0.117348
1 0 0 0.895449 0 1 0 -1.16308 0 0 1 0.117662
1 0 0 0.89654 0 1 0 -1.16691 0 0 1 0.117883
1 0 0 0.897704 0 1 0 -1.17053 0 0 1 0.117947
1 0 0 0.899073 0 1 0 -1.17451 0 0 1 0.117787
1 0 0 0.899067 0 1 0 -1.17597 0 0 1 0.118395
1 0 0 0.902023 0 1 0 -1.18272 0 0 1 0.118258
1 0 0 0.902457 0 1 0 -1.18344 0 0 1 0.118092
1 0 0 0.903818 0 1 0 -1.18577 0 0 1 0.117593
1 0 0 0.904702 0 1 0 -1.18732 0 0 1 0.117348
1 0 0 0.90825 0 1 0 -1.19392 0 0 1 0.116283
1 0 0 0.909192 0 1 0 -1.19693 0 0 1 0.116482
1 0 0 0.90886 0 1 0 -1.19686 0 0 1 0.117377
1 0 0 0.909875 0 1 0 -1.19904 0 0 1 0.117851
1 0 0 0.911088 0 1 0 -1.20158 0 0 1 0.118338
1 0 0 0.912551 0 1 0 -1.20483 0 0 1 0.118605
1 0 0 0.913646 0 1 0 -1.20752 0 0 1 0.119075
1 0 0 0.914995 0 1 0 -1.21113 0 0 1 0.119395
1 0 0 0.916316 0 1 0 -1.21458 0 0 1 0.119907
1 0 0 0.918941 0 1 0 -1.22045 0 0 1 0.120363
1 0 0 0.920573 0 1 0 -1.22444 0 0 1 0.121006
1 0 0 0.922052 0 1 0 -1.2282 0 0 1 0.121588
1 0 0 0.922397 0 1 0 -1.22985 0 0 1 0.122355
1 0 0 0.92468 0 1 0 -1.23512 0 0 1 0.123125
1 0 0 0.925773 0 1 0 -1.23823 0 0 1 0.123855
1 0 0 0.927228 0 1 0 -1.24205 0 0 1 0.124446
1 0 0 0.929383 0 1 0 -1.24794 0 0 1 0.125225
1 0 0 0.930298 0 1 0 -1.25135 0 0 1 0.12601
1 0 0 0.93141 0 1 0 -1.25468 0 0 1 0.12664
1 0 0 0.93247 0 1 0 -1.25808 0 0 1 0.12723
1 0 0 0.934285 0 1 0 -1.26315 0 0 1 0.127767
1 0 0 0.935664 0 1 0 -1.26724 0 0 1 0.128296
1 0 0 0.937734 0 1 0 -1.27276 0 0 1 0.12886
1 0 0 0.938987 0 1 0 -1.27698 0 0 1 0.129447
1 0 0 0.939431 0 1 0 -1.27914 0 0 1 0.129935
1 0 0 0.941111 0 1 0 -1.28369 0 0 1 0.130195
1 0 0 0.942467 0 1 0 -1.28729 0 0 1 0.130422
1 0 0 0.943427 0 1 0 -1.28982 0 0 1 0.130698
1 0 0 0.944527 0 1 0 -1.29278 0 0 1 0.13093
1 0 0 0.947663 0 1 0 -1.29973 0 0 1 0.130092
1 0 0 0.94809 0 1 0 -1.30065 0 0 1 0.129946
1 0 0 0.949559 0 1 0 -1.30378 0 0 1 0.12948
1 0 0 0.949886 0 1 0 -1.3045 0 0 1 0.129511
1 0 0 0.951239 0 1 0 -1.30748 0 0 1 0.129259
1 0 0 0.95233 0 1 0 -1.31003 0 0 1 0.129289
1 0 0 0.955239 0 1 0 -1.31635 0 0 1 0.128511
1 0 0 0.956123 0 1 0 -1.3184 0 0 1 0.129531
1 0 0 0.958068 0 1 0 -1.3219 0 0 1 0.130102
1 0 0 0.959623 0 1 0 -1.32504 0 0 1 0.130953
1 0 0 0.96091 0 1 0 -1.32821 0 0 1 0.13168
1 0 0 0.961742 0 1 0 -1.33064 0 0 1 0.13246
1 0 0 0.96355 0 1 0 -1.33442 0 0 1 0.132723
1 0 0 0.96733 0 1 0 -1.34181 0 0 1 0.132282
1 0 0 0.968207 0 1 0 -1.34415 0 0 1 0.133083
1 0 0 0.969093 0 1 0 -1.34715 0 0 1 0.133567
1 0 0 0.970472 0 1 0 -1.35124 0 0 1 0.13387
1 0 0 0.972201 0 1 0 -1.35552 0 0 1 0.13416
1 0 0 0.973373 0 1 0 -1.35784 0 0 1 0.135016
1 0 0 0.976646 0 1 0 -1.36531 0 0 1 0.134668
1 0 0 0.977735 0 1 0 -1.36872 0 0 1 0.135245
1 0 0 0.978933 0 1 0 -1.37205 0 0 1 0.135846
1 0 0 0.979572 0 1 0 -1.37408 0 0 1 0.136629
1 0 0 0.98095 0 1 0 -1.37757 0 0 1 0.136989
1 0 0 0.982558 0 1 0 -1.38158 0 0 1 0.137209
1 0 0 0.98414 0 1 0 -1.3859 0 0 1 0.137416
1 0 0 0.985647 0 1 0 -1.39089 0 0 1 0.137974
1 0 0 0.986663 0 1 0 -1.39462 0 0 1 0.13863
1 0 0 0.987587 0 1 0 -1.3978 0 0 1 0.139093
1 0 0 0.988914 0 1 0 -1.40193 0 0 1 0.139358
1 0 0 0.989654 0 1 0 -1.40531 0 0 1 0.139723
1 0 0 0.989456 0 1 0 -1.40674 0 0 1 0.140321
1 0 0 0.991497 0 1 0 -1.41278 0 0 1 0.140367
1 0 0 0.992573 0 1 0 -1.4147 0 0 1 0.140263
1 0 0 0.993609 0 1 0 -1.41657 0 0 1 0.140225
1 0 0 0.994917 0 1 0 -1.41897 0 0 1 0.140127
1 0 0 0.995571 0 1 0 -1.42024 0 0 1 0.140245
1 0 0 0.99692 0 1 0 -1.42288 0 0 1 0.140422
1 0 0 0.998061 0 1 0 -1.42528 0 0 1 0.140729
1 0 0 1.00116 0 1 0 -1.43158 0 0 1 0.14114
1 0 0 1.00199 0 1 0 -1.43417 0 0 1 0.141849
1 0 0 1.00255 0 1 0 -1.43639 0 0 1 0.142468
1 0 0 1.00338 0 1 0 -1.43909 0 0 1 0.143066
1 0 0 1.00425 0 1 0 -1.44224 0 0 1 0.143668
1 0 0 1.00515 0 1 0 -1.44524 0 0 1 0.144131
1 0 0 1.00773 0 1 0 -1.45133 0 0 1 0.144496
1 0 0 1.00826 0 1 0 -1.45457 0 0 1 0.144899
1 0 0 1.00807 0 1 0 -1.45672 0 0 1 0.145247
1 0 0 1.00825 0 1 0 -1.45932 0 0 1 0.145606
1 0 0 1.00915 0 1 0 -1.46319 0 0 1 0.145974
1 0 0 1.00985 0 1 0 -1.46689 0 0 1 0.146273
1 0 0 1.01247 0 1 0 -1.47441 0 0 1 0.146581
1 0 0 1.01244 0 1 0 -1.47866 0 0 1 0.146758
1 0 0 1.0114 0 1 0 -1.48033 0 0 1 0.146966
1 0 0 1.01076 0 1 0 -1.48174 0 0 1 0.147098
1 0 0 1.011 0 1 0 -1.4845 0 0 1 0.147163
1 0 0 1.01199 0 1 0 -1.48858 0 0 1 0.14711
1 0 0 1.01317 0 1 0 -1.49303 0 0 1 0.147019
1 0 0 1.01514 0 1 0 -1.49976 0 0 1 0.14687
1 0 0 1.01608 0 1 0 -1.50409 0 0 1 0.146864
1 0 0 1.01621 0 1 0 -1.50658 0 0 1 0.147035
1 0 0 1.01708 0 1 0 -1.51023 0 0 1 0.146987
1 0 0 1.01786 0 1 0 -1.51393 0 0 1 0.147
1 0 0 1.01874 0 1 0 -1.5177 0 0 1 0.146999
1 0 0 1.01892 0 1 0 -1.52024 0 0 1 0.147226
1 0 0 1.02195 0 1 0 -1.52734 0 0 1 0.146372
1 0 0 1.02274 0 1 0 -1.5288 0 0 1 0.146118
1 0 0 1.02311 0 1 0 -1.52953 0 0 1 0.146142
1 0 0 1.0235 0 1 0 -1.53032 0 0 1 0.14614
1 0 0 1.02498 0 1 0 -1.53315 0 0 1 0.145996
1 0 0 1.02608 0 1 0 -1.53547 0 0 1 0.146193
1 0 0 1.02911 0 1 0 -1.54141 0 0 1 0.146142
1 0 0 1.02983 0 1 0 -1.54253 0 0 1 0.147191
1 0 0 1.03196 0 1 0 -1.54671 0 0 1 0.147617
1 0 0 1.03143 0 1 0 -1.54731 0 0 1 0.149057
1 0 0 1.03175 0 1 0 -1.54955 0 0 1 0.149791
1 0 0 1.03262 0 1 0 -1.55355 0 0 1 0.150269
1 0 0 1.03408 0 1 0 -1.55938 0 0 1 0.150594
1 0 0 1.03376 0 1 0 -1.56013 0 0 1 0.151585
1 0 0 1.03436 0 1 0 -1.5632 0 0 1 0.152147
1 0 0 1.03497 0 1 0 -1.56691 0 0 1 0.152676
1 0 0 1.03518 0 1 0 -1.56964 0 0 1 0.153277
1 0 0 1.03597 0 1 0 -1.57367 0 0 1 0.153722
1 0 0 1.03652 0 1 0 -1.57651 0 0 1 0.15426
1 0 0 1.03814 0 1 0 -1.58183 0 0 1 0.154886
1 0 0 1.0388 0 1 0 -1.58449 0 0 1 0.15554
1 0 0 1.03935 0 1 0 -1.58762 0 0 1 0.156026
1 0 0 1.0403 0 1 0 -1.59152 0 0 1 0.156416
1 0 0 1.04105 0 1 0 -1.59482 0 0 1 0.156814
1 0 0 1.0417 0 1 0 -1.59768 0 0 1 0.157177
1 0 0 1.04258 0 1 0 -1.60105 0 0 1 0.157491
1 0 0 1.0437 0 1 0 -1.60521 0 0 1 0.157778
1 0 0 1.04408 0 1 0 -1.60744 0 0 1 0.158196
1 0 0 1.04483 0 1 0 -1.61104 0 0 1 0.158431
1 0 0 1.04572 0 1 0 -1.61544 0 0 1 0.158706
1 0 0 1.04567 0 1 0 -1.61626 0 0 1 0.159047
1 0 0 1.04609 0 1 0 -1.61873 0 0 1 0.159222
1 0 0 1.04715 0 1 0 -1.62496 0 0 1 0.158929
1 0 0 1.04761 0 1 0 -1.62673 0 0 1 0.158682
1 0 0 1.04804 0 1 0 -1.62846 0 0 1 0.158611
1 0 0 1.04848 0 1 0 -1.63026 0 0 1 0.158509
1 0 0 1.04901 0 1 0 -1.63223 0 0 1 0.158518
1 0 0 1.04974 0 1 0 -1.63465 0 0 1 0.158646
1 0 0 1.05032 0 1 0 -1.63618 0 0 1 0.158964
1 0 0 1.05217 0 1 0 -1.64123 0 0 1 0.158936
1 0 0 1.05318 0 1 0 -1.64257 0 0 1 0.159462
1 0 0 1.05438 0 1 0 -1.64513 0 0 1 0.159849
1 0 0 1.05543 0 1 0 -1.64862 0 0 1 0.160034
1 0 0 1.0563 0 1 0 -1.6517 0 0 1 0.160336
1 0 0 1.05697 0 1 0 -1.65376 0 0 1 0.16064
1 0 0 1.05907 0 1 0 -1.65971 0 0 1 0.160781
1 0 0 1.06056 0 1 0 -1.66462 0 0 1 0.16093
1 0 0 1.06124 0 1 0 -1.66736 0 0 1 0.161035
1 0 0 1.0622 0 1 0 -1.67133 0 0 1 0.161222
1 0 0 1.06283 0 1 0 -1.67452 0 0 1 0.161502
1 0 0 1.06291 0 1 0 -1.67585 0 0 1 0.161613
1 0 0 1.0639 0 1 0 -1.68083 0 0 1 0.161783
1 0 0 1.06394 0 1 0 -1.68253 0 0 1 0.16164
1 0 0 1.06456 0 1 0 -1.68561 0 0 1 0.161422
1 0 0 1.06556 0 1 0 -1.68972 0 0 1 0.161181
1 0 0 1.06574 0 1 0 -1.69134 0 0 1 0.160948
1 0 0 1.06649 0 1 0 -1.69444 0 0 1 0.160705
1 0 0 1.06724 0 1 0 -1.69767 0 0 1 0.160447
1 0 0 1.06898 0 1 0 -1.70465 0 0 1 0.160191
1 0 0 1.06895 0 1 0 -1.70606 0 0 1 0.160039
1 0 0 1.06934 0 1 0 -1.7084 0 0 1 0.159785
1 0 0 1.06993 0 1 0 -1.71132 0 0 1 0.159617
1 0 0 1.0709 0 1 0 -1.7153 0 0 1 0.159508
1 0 0 1.07148 0 1 0 -1.71786 0 0 1 0.15921
1 0 0 1.07237 0 1 0 -1.72121 0 0 1 0.15897
1 0 0 1.07381 0 1 0 -1.72635 0 0 1 0.159256
1 0 0 1.07419 0 1 0 -1.72776 0 0 1 0.159562
1 0 0 1.07477 0 1 0 -1.73005 0 0 1 0.160227
1 0 0 1.07538 0 1 0 -1.73203 0 0 1 0.160875
1 0 0 1.07631 0 1 0 -1.73483 0 0 1 0.161749
1 0 0 1.07691 0 1 0 -1.73652 0 0 1 0.162249
1 0 0 1.07911 0 1 0 -1.74301 0 0 1 0.163754
1 0 0 1.08001 0 1 0 -1.74541 0 0 1 0.164145
1 0 0 1.0809 0 1 0 -1.74819 0 0 1 0.164619
1 0 0 1.08204 0 1 0 -1.75111 0 0 1 0.165122
1 0 0 1.0829 0 1 0 -1.7527 0 0 1 0.165312
1 0 0 1.08401 0 1 0 -1.75582 0 0 1 0.165423
1 0 0 1.08495 0 1 0 -1.75934 0 0 1 0.165341
1 0 0 1.0863 0 1 0 -1.7645 0 0 1 0.165335
1 0 0 1.08661 0 1 0 -1.7657 0 0 1 0.165102
1 0 0 1.08759 0 1 0 -1.76861 0 0 1 0.16485
1 0 0 1.08849 0 1 0 -1.77138 0 0 1 0.164621
1 0 0 1.08957 0 1 0 -1.77469 0 0 1 0.164342
1 0 0 1.09041 0 1 0 -1.7772 0 0 1 0.164086
1 0 0 1.09285 0 1 0 -1.78381 0 0 1 0.163883
1 0 0 1.09327 0 1 0 -1.7846 0 0 1 0.163677
1 0 0 1.09476 0 1 0 -1.78888 0 0 1 0.163387
1 0 0 1.09552 0 1 0 -1.79161 0 0 1 0.163004
1 0 0 1.09624 0 1 0 -1.7942 0 0 1 0.162683
1 0 0 1.09708 0 1 0 -1.797 0 0 1 0.162426
1 0 0 1.09806 0 1 0 -1.80016 0 0 1 0.16221
1 0 0 1.09999 0 1 0 -1.80564 0 0 1 0.162023
1 0 0 1.10066 0 1 0 -1.80848 0 0 1 0.161793
1 0 0 1.10153 0 1 0 -1.81139 0 0 1 0.161698
1 0 0 1.10241 0 1 0 -1.81438 0 0 1 0.161675
1 0 0 1.10277 0 1 0 -1.81638 0 0 1 0.16159
1 0 0 1.1032 0 1 0 -1.81863 0 0 1 0.161482
1 0 0 1.10491 0 1 0 -1.8248 0 0 1 0.161409
1 0 0 1.10555 0 1 0 -1.82657 0 0 1 0.161494
1 0 0 1.10601 0 1 0 -1.82786 0 0 1 0.161679
1 0 0 1.10662 0 1 0 -1.82963 0 0 1 0.162084
1 0 0 1.1076 0 1 0 -1.83268 0 0 1 0.162972
1 0 0 1.10791 0 1 0 -1.83406 0 0 1 0.163294
1 0 0 1.10886 0 1 0 -1.83677 0 0 1 0.164023
1 0 0 1.11034 0 1 0 -1.8415 0 0 1 0.164975
1 0 0 1.1113 0 1 0 -1.84474 0 0 1 0.165401
1 0 0 1.11205 0 1 0 -1.84707 0 0 1 0.165669
1 0 0 1.11308 0 1 0 -1.84999 0 0 1 0.166167
1 0 0 1.11442 0 1 0 -1.85359 0 0 1 0.166919
1 0 0 1.11429 0 1 0 -1.85458 0 0 1 0.166996
1 0 0 1.11632 0 1 0 -1.86031 0 0 1 0.168016
1 0 0 1.11657 0 1 0 -1.8625 0 0 1 0.168045
1 0 0 1.11697 0 1 0 -1.86462 0 0 1 0.167883
1 0 0 1.11816 0 1 0 -1.86816 0 0 1 0.167783
1 0 0 1.11953 0 1 0 -1.87231 0 0 1 0.167823
1 0 0 1.11986 0 1 0 -1.87416 0 0 1 0.167632
1 0 0 1.12096 0 1 0 -1.87771 0 0 1 0.167674
1 0 0 1.12263 0 1 0 -1.88275 0 0 1 0.168009
1 0 0 1.12346 0 1 0 -1.886 0 0 1 0.16812
1 0 0 1.12397 0 1 0 -1.88851 0 0 1 0.167883
1 0 0 1.12478 0 1 0 -1.89162 0 0 1 0.167755
1 0 0 1.12569 0 1 0 -1.89491 0 0 1 0.167728
1 0 0 1.12645 0 1 0 -1.89793 0 0 1 0.167606
1 0 0 1.12826 0 1 0 -1.90354 0 0 1 0.167761
1 0 0 1.12976 0 1 0 -1.90825 0 0 1 0.167846
1 0 0 1.12973 0 1 0 -1.90912 0 0 1 0.167537
1 0 0 1.13015 0 1 0 -1.9109 0 0 1 0.167257
1 0 0 1.13122 0 1 0 -1.91393 0 0 1 0.166999
1 0 0 1.13202 0 1 0 -1.91627 0 0 1 0.166747
1 0 0 1.13282 0 1 0 -1.91859 0 0 1 0.166525
1 0 0 1.13511 0 1 0 -1.92413 0 0 1 0.166397
1 0 0 1.13628 0 1 0 -1.92681 0 0 1 0.166386
1 0 0 1.13691 0 1 0 -1.92825 0 0 1 0.166462
1 0 0 1.13786 0 1 0 -1.93035 0 0 1 0.166608
1 0 0 1.13949 0 1 0 -1.93391 0 0 1 0.167018
1 0 0 1.14015 0 1 0 -1.9356 0 0 1 0.167489
1 0 0 1.14243 0 1 0 -1.94135 0 0 1 0.168244
1 0 0 1.14306 0 1 0 -1.94329 0 0 1 0.168775
1 0 0 1.14408 0 1 0 -1.94565 0 0 1 0.169346
1 0 0 1.14502 0 1 0 -1.94755 0 0 1 0.169814
1 0 0 1.14606 0 1 0 -1.94996 0 0 1 0.170183
1 0 0 1.14749 0 1 0 -1.95357 0 0 1 0.170515
1 0 0 1.14786 0 1 0 -1.95534 0 0 1 0.170605
1 0 0 1.14974 0 1 0 -1.96004 0 0 1 0.170525
1 0 0 1.1501 0 1 0 -1.96159 0 0 1 0.170665
1 0 0 1.15148 0 1 0 -1.96565 0 0 1 0.170614
1 0 0 1.15217 0 1 0 -1.9687 0 0 1 0.170754
1 0 0 1.15301 0 1 0 -1.97221 0 0 1 0.1709
1 0 0 1.15344 0 1 0 -1.97449 0 0 1 0.171129
1 0 0 1.15552 0 1 0 -1.98032 0 0 1 0.170984
1 0 0 1.1554 0 1 0 -1.98199 0 0 1 0.171557
1 0 0 1.15568 0 1 0 -1.98495 0 0 1 0.17196
1 0 0 1.15652 0 1 0 -1.98898 0 0 1 0.172274
1 0 0 1.15708 0 1 0 -1.99208 0 0 1 0.172681
1 0 0 1.158 0 1 0 -1.99572 0 0 1 0.17308
1 0 0 1.15955 0 1 0 -2.00111 0 0 1 0.173483
1 0 0 1.15955 0 1 0 -2.00355 0 0 1 0.174272
1 0 0 1.15974 0 1 0 -2.00653 0 0 1 0.174951
1 0 0 1.16005 0 1 0 -2.00957 0 0 1 0.175538
1 0 0 1.16053 0 1 0 -2.01281 0 0 1 0.176057
1 0 0 1.16098 0 1 0 -2.01587 0 0 1 0.17655
1 0 0 1.16137 0 1 0 -2.01874 0 0 1 0.177041
1 0 0 1.16269 0 1 0 -2.02458 0 0 1 0.177229
1 0 0 1.16367 0 1 0 -2.02707 0 0 1 0.176717
1 0 0 1.16459 0 1 0 -2.02949 0 0 1 0.176308
1 0 0 1.16503 0 1 0 -2.03079 0 0 1 0.176274
1 0 0 1.16565 0 1 0 -2.03265 0 0 1 0.176193
1 0 0 1.16658 0 1 0 -2.03531 0 0 1 0.176109
1 0 0 1.16749 0 1 0 -2.03838 0 0 1 0.176233
1 0 0 1.1695 0 1 0 -2.04487 0 0 1 0.176289
1 0 0 1.17112 0 1 0 -2.04916 0 0 1 0.176851
1 0 0 1.17185 0 1 0 -2.05152 0 0 1 0.177693
1 0 0 1.17196 0 1 0 -2.05336 0 0 1 0.178491
1 0 0 1.17237 0 1 0 -2.05633 0 0 1 0.179167
1 0 0 1.17325 0 1 0 -2.06029 0 0 1 0.179657
1 0 0 1.17547 0 1 0 -2.06729 0 0 1 0.179809
1 0 0 1.17612 0 1 0 -2.06971 0 0 1 0.180981
1 0 0 1.17668 0 1 0 -2.07203 0 0 1 0.181983
1 0 0 1.17708 0 1 0 -2.07437 0 0 1 0.183011
1 0 0 1.17798 0 1 0 -2.0786 0 0 1 0.183763
1 0 0 1.17862 0 1 0 -2.08219 0 0 1 0.184553
1 0 0 1.17919 0 1 0 -2.0853 0 0 1 0.185304
1 0 0 1.18092 0 1 0 -2.0919 0 0 1 0.186198
1 0 0 1.18188 0 1 0 -2.09618 0 0 1 0.187104
1 0 0 1.18143 0 1 0 -2.09656 0 0 1 0.188155
1 0 0 1.18184 0 1 0 -2.09929 0 0 1 0.188793
1 0 0 1.1827 0 1 0 -2.10295 0 0 1 0.189323
1 0 0 1.18358 0 1 0 -2.1066 0 0 1 0.189809
1 0 0 1.18504 0 1 0 -2.11236 0 0 1 0.190099
1 0 0 1.18561 0 1 0 -2.11653 0 0 1 0.190689
1 0 0 1.18624 0 1 0 -2.12062 0 0 1 0.191024
1 0 0 1.1865 0 1 0 -2.12351 0 0 1 0.191523
1 0 0 1.18697 0 1 0 -2.12628 0 0 1 0.191901
1 0 0 1.18745 0 1 0 -2.12886 0 0 1 0.192327
1 0 0 1.1879 0 1 0 -2.13182 0 0 1 0.192669
1 0 0 1.18947 0 1 0 -2.13816 0 0 1 0.192048
1 0 0 1.19028 0 1 0 -2.14051 0 0 1 0.191507
1 0 0 1.19107 0 1 0 -2.14287 0 0 1 0.191009
1 0 0 1.19202 0 1 0 -2.14576 0 0 1 0.19056
1 0 0 1.19279 0 1 0 -2.14809 0 0 1 0.19035
1 0 0 1.19376 0 1 0 -2.15119 0 0 1 0.190205
1 0 0 1.19529 0 1 0 -2.15667 0 0 1 0.189862
1 0 0 1.19632 0 1 0 -2.16075 0 0 1 0.190466
1 0 0 1.19761 0 1 0 -2.16514 0 0 1 0.19105
1 0 0 1.19748 0 1 0 -2.16611 0 0 1 0.192562
1 0 0 1.1981 0 1 0 -2.16967 0 0 1 0.192631
1 0 0 1.19831 0 1 0 -2.17267 0 0 1 0.192895
1 0 0 1.19898 0 1 0 -2.17621 0 0 1 0.193057
